1419
26 30 -2
26 30 -1
26 30 0
27 4 -2
27 4 -1
27 4 0
8 0 -2
8 0 -1
8 0 0
19 0 -2
19 0 -1
19 0 0
30 0 -2
30 0 -1
30 0 0
29 32 -2
29 32 -1
29 32 0
30 9 -2
30 9 -1
30 9 0
0 5 -2
0 5 -1
0 5 0
0 14 -2
0 14 -1
0 14 0
0 23 -2
0 23 -1
0 23 0
4 2 -2
4 2 -1
4 2 0
2 32 -2
2 32 -1
2 32 0
3 6 -2
3 6 -1
3 6 0
3 24 -2
3 24 -1
3 24 0
7 3 -2
7 3 -1
7 3 0
7 30 -2
7 30 -1
7 30 0
29 27 -2
29 27 -1
29 27 0
8 4 -2
8 4 -1
8 4 0
30 4 -2
30 4 -1
30 4 0
0 0 -2
0 0 -1
0 0 0
11 0 -2
11 0 -1
11 0 0
21 32 -2
21 32 -1
21 32 0
0 9 -2
0 9 -1
0 9 0
10 31 -2
10 31 -1
10 31 0
2 27 -2
2 27 -1
2 27 0
25 29 -2
25 29 -1
25 29 0
3 1 -2
3 1 -1
3 1 0
14 1 -2
14 1 -1
14 1 0
3 10 -2
3 10 -1
3 10 0
22 32 -2
22 32 -1
22 32 0
3 28 -2
3 28 -1
3 28 0
15 2 -2
15 2 -1
15 2 0
26 2 -2
26 2 -1
26 2 0
6 29 -2
6 29 -1
6 29 0
29 31 -2
29 31 -1
29 31 0
2 13 -2
2 13 -1
2 13 0
2 22 -2
2 22 -1
2 22 0
22 0 -2
22 0 -1
22 0 0
2 31 -2
2 31 -1
2 31 0
3 5 -2
3 5 -1
3 5 0
3 23 -2
3 23 -1
3 23 0
14 32 -2
14 32 -1
14 32 0
26 6 -2
26 6 -1
26 6 0
28 25 -2
28 25 -1
28 25 0
7 2 -2
7 2 -1
7 2 0
18 2 -2
18 2 -1
18 2 0
9 30 -2
9 30 -1
9 30 0
29 8 -2
29 8 -1
29 8 0
29 26 -2
29 26 -1
29 26 0
21 31 -2
21 31 -1
21 31 0
10 3 -2
10 3 -1
10 3 0
25 1 -2
25 1 -1
25 1 0
2 8 -2
2 8 -1
2 8 0
2 17 -2
2 17 -1
2 17 0
10 30 -2
10 30 -1
10 30 0
2 26 -2
2 26 -1
2 26 0
25 28 -2
25 28 -1
25 28 0
3 0 -2
3 0 -1
3 0 0
14 0 -2
14 0 -1
14 0 0
13 32 -2
13 32 -1
13 32 0
24 32 -2
24 32 -1
24 32 0
3 9 -2
3 9 -1
3 9 0
26 1 -2
26 1 -1
26 1 0
5 27 -2
5 27 -1
5 27 0
28 29 -2
28 29 -1
28 29 0
29 3 -2
29 3 -1
29 3 0
6 28 -2
6 28 -1
6 28 0
29 30 -2
29 30 -1
29 30 0
2 3 -2
2 3 -1
2 3 0
25 5 -2
25 5 -1
25 5 0
2 12 -2
2 12 -1
2 12 0
2 21 -2
2 21 -1
2 21 0
32 22 -2
32 22 -1
32 22 0
2 30 -2
2 30 -1
2 30 0
32 31 -2
32 31 -1
32 31 0
3 4 -2
3 4 -1
3 4 0
16 32 -2
16 32 -1
16 32 0
28 6 -2
28 6 -1
28 6 0
5 31 -2
5 31 -1
5 31 0
9 29 -2
9 29 -1
9 29 0
6 5 -2
6 5 -1
6 5 0
29 7 -2
29 7 -1
29 7 0
21 3 -2
21 3 -1
21 3 0
29 25 -2
29 25 -1
29 25 0
6 32 -2
6 32 -1
6 32 0
21 30 -2
21 30 -1
21 30 0
10 2 -2
10 2 -1
10 2 0
25 0 -2
25 0 -1
25 0 0
2 7 -2
2 7 -1
2 7 0
32 8 -2
32 8 -1
32 8 0
2 16 -2
2 16 -1
2 16 0
32 17 -2
32 17 -1
32 17 0
32 26 -2
32 26 -1
32 26 0
1 29 -2
1 29 -1
1 29 0
13 31 -2
13 31 -1
13 31 0
24 31 -2
24 31 -1
24 31 0
17 1 -2
17 1 -1
17 1 0
28 1 -2
28 1 -1
28 1 0
5 8 -2
5 8 -1
5 8 0
5 26 -2
5 26 -1
5 26 0
28 28 -2
28 28 -1
28 28 0
6 0 -2
6 0 -1
6 0 0
29 2 -2
29 2 -1
29 2 0
31 29 -2
31 29 -1
31 29 0
2 2 -2
2 2 -1
2 2 0
32 3 -2
32 3 -1
32 3 0
2 11 -2
2 11 -1
2 11 0
4 30 -2
4 30 -1
4 30 0
32 12 -2
32 12 -1
32 12 0
32 21 -2
32 21 -1
32 21 0
1 15 -2
1 15 -1
1 15 0
32 30 -2
32 30 -1
32 30 0
1 24 -2
1 24 -1
1 24 0
16 31 -2
16 31 -1
16 31 0
5 3 -2
5 3 -1
5 3 0
28 5 -2
28 5 -1
28 5 0
9 1 -2
9 1 -1
9 1 0
5 30 -2
5 30 -1
5 30 0
6 4 -2
6 4 -1
6 4 0
29 6 -2
29 6 -1
29 6 0
21 2 -2
21 2 -1
21 2 0
8 32 -2
8 32 -1
8 32 0
19 32 -2
19 32 -1
19 32 0
31 15 -2
31 15 -1
31 15 0
31 24 -2
31 24 -1
31 24 0
23 29 -2
23 29 -1
23 29 0
4 25 -2
4 25 -1
4 25 0
32 7 -2
32 7 -1
32 7 0
24 3 -2
24 3 -1
24 3 0
32 16 -2
32 16 -1
32 16 0
1 10 -2
1 10 -1
1 10 0
32 25 -2
32 25 -1
32 25 0
1 19 -2
1 19 -1
1 19 0
1 28 -2
1 28 -1
1 28 0
24 30 -2
24 30 -1
24 30 0
17 0 -2
17 0 -1
17 0 0
28 0 -2
28 0 -1
28 0 0
5 7 -2
5 7 -1
5 7 0
5 25 -2
5 25 -1
5 25 0
27 31 -2
27 31 -1
27 31 0
30 27 -2
30 27 -1
30 27 0
20 1 -2
20 1 -1
20 1 0
31 1 -2
31 1 -1
31 1 0
0 32 -2
0 32 -1
0 32 0
11 32 -2
11 32 -1
11 32 0
31 10 -2
31 10 -1
31 10 0
31 19 -2
31 19 -1
31 19 0
31 28 -2
31 28 -1
31 28 0
32 2 -2
32 2 -1
32 2 0
4 29 -2
4 29 -1
4 29 0
32 11 -2
32 11 -1
32 11 0
1 5 -2
1 5 -1
1 5 0
32 20 -2
32 20 -1
32 20 0
1 14 -2
1 14 -1
1 14 0
1 23 -2
1 23 -1
1 23 0
1 32 -2
1 32 -1
1 32 0
5 2 -2
5 2 -1
5 2 0
28 4 -2
28 4 -1
28 4 0
9 0 -2
9 0 -1
9 0 0
27 26 -2
27 26 -1
27 26 0
30 22 -2
30 22 -1
30 22 0
0 18 -2
0 18 -1
0 18 0
8 31 -2
8 31 -1
8 31 0
19 31 -2
19 31 -1
19 31 0
30 31 -2
30 31 -1
30 31 0
0 27 -2
0 27 -1
0 27 0
31 5 -2
31 5 -1
31 5 0
12 1 -2
12 1 -1
12 1 0
23 1 -2
23 1 -1
23 1 0
31 14 -2
31 14 -1
31 14 0
31 23 -2
31 23 -1
31 23 0
4 6 -2
4 6 -1
4 6 0
20 32 -2
20 32 -1
20 32 0
31 32 -2
31 32 -1
31 32 0
4 24 -2
4 24 -1
4 24 0
32 6 -2
32 6 -1
32 6 0
1 0 -2
1 0 -1
1 0 0
13 2 -2
13 2 -1
13 2 0
24 2 -2
24 2 -1
24 2 0
1 9 -2
1 9 -1
1 9 0
1 18 -2
1 18 -1
1 18 0
26 29 -2
26 29 -1
26 29 0
5 6 -2
5 6 -1
5 6 0
27 3 -2
27 3 -1
27 3 0
30 8 -2
30 8 -1
30 8 0
0 4 -2
0 4 -1
0 4 0
27 30 -2
27 30 -1
27 30 0
0 13 -2
0 13 -1
0 13 0
30 26 -2
30 26 -1
30 26 0
0 22 -2
0 22 -1
0 22 0
20 0 -2
20 0 -1
20 0 0
31 0 -2
31 0 -1
31 0 0
0 31 -2
0 31 -1
0 31 0
11 31 -2
11 31 -1
11 31 0
31 9 -2
31 9 -1
31 9 0
31 18 -2
31 18 -1
31 18 0
4 1 -2
4 1 -1
4 1 0
4 10 -2
4 10 -1
4 10 0
32 1 -2
32 1 -1
32 1 0
4 28 -2
4 28 -1
4 28 0
1 4 -2
1 4 -1
1 4 0
16 2 -2
16 2 -1
16 2 0
1 13 -2
1 13 -1
1 13 0
3 32 -2
3 32 -1
3 32 0
7 29 -2
7 29 -1
7 29 0
27 7 -2
27 7 -1
27 7 0
8 3 -2
8 3 -1
8 3 0
30 3 -2
30 3 -1
30 3 0
30 12 -2
30 12 -1
30 12 0
0 8 -2
0 8 -1
0 8 0
30 21 -2
30 21 -1
30 21 0
0 17 -2
0 17 -1
0 17 0
8 30 -2
8 30 -1
8 30 0
30 30 -2
30 30 -1
30 30 0
0 26 -2
0 26 -1
0 26 0
31 4 -2
31 4 -1
31 4 0
12 0 -2
12 0 -1
12 0 0
23 0 -2
23 0 -1
23 0 0
31 13 -2
31 13 -1
31 13 0
4 5 -2
4 5 -1
4 5 0
22 31 -2
22 31 -1
22 31 0
3 27 -2
3 27 -1
3 27 0
15 1 -2
15 1 -1
15 1 0
7 6 -2
7 6 -1
7 6 0
26 28 -2
26 28 -1
26 28 0
27 2 -2
27 2 -1
27 2 0
30 7 -2
30 7 -1
30 7 0
0 3 -2
0 3 -1
0 3 0
11 3 -2
11 3 -1
11 3 0
0 12 -2
0 12 -1
0 12 0
30 25 -2
30 25 -1
30 25 0
0 21 -2
0 21 -1
0 21 0
11 30 -2
11 30 -1
11 30 0
23 4 -2
23 4 -1
23 4 0
4 0 -2
4 0 -1
4 0 0
25 32 -2
25 32 -1
25 32 0
4 9 -2
4 9 -1
4 9 0
3 22 -2
3 22 -1
3 22 0
3 31 -2
3 31 -1
3 31 0
14 31 -2
14 31 -1
14 31 0
26 5 -2
26 5 -1
26 5 0
7 1 -2
7 1 -1
7 1 0
18 1 -2
18 1 -1
18 1 0
15 32 -2
15 32 -1
15 32 0
26 32 -2
26 32 -1
26 32 0
7 28 -2
7 28 -1
7 28 0
27 6 -2
27 6 -1
27 6 0
8 2 -2
8 2 -1
8 2 0
19 2 -2
19 2 -1
19 2 0
30 2 -2
30 2 -1
30 2 0
30 11 -2
30 11 -1
30 11 0
0 7 -2
0 7 -1
0 7 0
0 16 -2
0 16 -1
0 16 0
10 29 -2
10 29 -1
10 29 0
2 25 -2
2 25 -1
2 25 0
22 3 -2
22 3 -1
22 3 0
3 8 -2
3 8 -1
3 8 0
22 30 -2
22 30 -1
22 30 0
3 26 -2
3 26 -1
3 26 0
15 0 -2
15 0 -1
15 0 0
26 0 -2
26 0 -1
26 0 0
7 5 -2
7 5 -1
7 5 0
27 1 -2
27 1 -1
27 1 0
6 27 -2
6 27 -1
6 27 0
29 29 -2
29 29 -1
29 29 0
30 6 -2
30 6 -1
30 6 0
0 2 -2
0 2 -1
0 2 0
11 2 -2
11 2 -1
11 2 0
25 4 -2
25 4 -1
25 4 0
2 20 -2
2 20 -1
2 20 0
2 29 -2
2 29 -1
2 29 0
25 31 -2
25 31 -1
25 31 0
3 3 -2
3 3 -1
3 3 0
3 12 -2
3 12 -1
3 12 0
3 21 -2
3 21 -1
3 21 0
3 30 -2
3 30 -1
3 30 0
26 4 -2
26 4 -1
26 4 0
7 0 -2
7 0 -1
7 0 0
18 0 -2
18 0 -1
18 0 0
17 32 -2
17 32 -1
17 32 0
28 32 -2
28 32 -1
28 32 0
29 24 -2
29 24 -1
29 24 0
6 31 -2
6 31 -1
6 31 0
10 1 -2
10 1 -1
10 1 0
2 6 -2
2 6 -1
2 6 0
2 15 -2
2 15 -1
2 15 0
2 24 -2
2 24 -1
2 24 0
22 2 -2
22 2 -1
22 2 0
3 7 -2
3 7 -1
3 7 0
3 25 -2
3 25 -1
3 25 0
28 27 -2
28 27 -1
28 27 0
7 4 -2
7 4 -1
7 4 0
29 1 -2
29 1 -1
29 1 0
9 32 -2
9 32 -1
9 32 0
29 10 -2
29 10 -1
29 10 0
6 26 -2
6 26 -1
6 26 0
29 28 -2
29 28 -1
29 28 0
2 1 -2
2 1 -1
2 1 0
25 3 -2
25 3 -1
25 3 0
2 10 -2
2 10 -1
2 10 0
2 19 -2
2 19 -1
2 19 0
10 32 -2
10 32 -1
10 32 0
2 28 -2
2 28 -1
2 28 0
32 29 -2
32 29 -1
32 29 0
3 2 -2
3 2 -1
3 2 0
14 2 -2
14 2 -1
14 2 0
3 11 -2
3 11 -1
3 11 0
5 29 -2
5 29 -1
5 29 0
17 31 -2
17 31 -1
17 31 0
28 31 -2
28 31 -1
28 31 0
6 3 -2
6 3 -1
6 3 0
29 5 -2
29 5 -1
29 5 0
21 1 -2
21 1 -1
21 1 0
29 23 -2
29 23 -1
29 23 0
6 30 -2
6 30 -1
6 30 0
10 0 -2
10 0 -1
10 0 0
2 5 -2
2 5 -1
2 5 0
2 14 -2
2 14 -1
2 14 0
32 15 -2
32 15 -1
32 15 0
2 23 -2
2 23 -1
2 23 0
32 24 -2
32 24 -1
32 24 0
22 1 -2
22 1 -1
22 1 0
1 27 -2
1 27 -1
1 27 0
24 29 -2
24 29 -1
24 29 0
28 8 -2
28 8 -1
28 8 0
9 4 -2
9 4 -1
9 4 0
28 26 -2
28 26 -1
28 26 0
29 0 -2
29 0 -1
29 0 0
9 31 -2
9 31 -1
9 31 0
6 7 -2
6 7 -1
6 7 0
29 9 -2
29 9 -1
29 9 0
31 27 -2
31 27 -1
31 27 0
10 4 -2
10 4 -1
10 4 0
2 0 -2
2 0 -1
2 0 0
25 2 -2
25 2 -1
25 2 0
12 32 -2
12 32 -1
12 32 0
23 32 -2
23 32 -1
23 32 0
2 9 -2
2 9 -1
2 9 0
32 10 -2
32 10 -1
32 10 0
2 18 -2
2 18 -1
2 18 0
32 19 -2
32 19 -1
32 19 0
32 28 -2
32 28 -1
32 28 0
1 22 -2
1 22 -1
1 22 0
1 31 -2
1 31 -1
1 31 0
5 1 -2
5 1 -1
5 1 0
28 3 -2
28 3 -1
28 3 0
5 28 -2
5 28 -1
5 28 0
28 30 -2
28 30 -1
28 30 0
6 2 -2
6 2 -1
6 2 0
29 4 -2
29 4 -1
29 4 0
21 0 -2
21 0 -1
21 0 0
31 22 -2
31 22 -1
31 22 0
20 31 -2
20 31 -1
20 31 0
31 31 -2
31 31 -1
31 31 0
2 4 -2
2 4 -1
2 4 0
4 23 -2
4 23 -1
4 23 0
32 5 -2
32 5 -1
32 5 0
13 1 -2
13 1 -1
13 1 0
24 1 -2
24 1 -1
24 1 0
4 32 -2
4 32 -1
4 32 0
32 14 -2
32 14 -1
32 14 0
1 8 -2
1 8 -1
1 8 0
32 23 -2
32 23 -1
32 23 0
1 17 -2
1 17 -1
1 17 0
32 32 -2
32 32 -1
32 32 0
1 26 -2
1 26 -1
1 26 0
5 5 -2
5 5 -1
5 5 0
28 7 -2
28 7 -1
28 7 0
9 3 -2
9 3 -1
9 3 0
5 32 -2
5 32 -1
5 32 0
27 29 -2
27 29 -1
27 29 0
6 6 -2
6 6 -1
6 6 0
0 30 -2
0 30 -1
0 30 0
31 8 -2
31 8 -1
31 8 0
31 17 -2
31 17 -1
31 17 0
31 26 -2
31 26 -1
31 26 0
32 0 -2
32 0 -1
32 0 0
12 31 -2
12 31 -1
12 31 0
23 31 -2
23 31 -1
23 31 0
4 27 -2
4 27 -1
4 27 0
32 9 -2
32 9 -1
32 9 0
1 3 -2
1 3 -1
1 3 0
32 18 -2
32 18 -1
32 18 0
16 1 -2
16 1 -1
16 1 0
1 12 -2
1 12 -1
1 12 0
32 27 -2
32 27 -1
32 27 0
1 21 -2
1 21 -1
1 21 0
1 30 -2
1 30 -1
1 30 0
5 0 -2
5 0 -1
5 0 0
17 2 -2
17 2 -1
17 2 0
28 2 -2
28 2 -1
28 2 0
6 1 -2
6 1 -1
6 1 0
8 29 -2
8 29 -1
8 29 0
30 29 -2
30 29 -1
30 29 0
0 25 -2
0 25 -1
0 25 0
31 3 -2
31 3 -1
31 3 0
31 12 -2
31 12 -1
31 12 0
31 21 -2
31 21 -1
31 21 0
4 4 -2
4 4 -1
4 4 0
31 30 -2
31 30 -1
31 30 0
32 4 -2
32 4 -1
32 4 0
13 0 -2
13 0 -1
13 0 0
24 0 -2
24 0 -1
24 0 0
4 31 -2
4 31 -1
4 31 0
32 13 -2
32 13 -1
32 13 0
1 7 -2
1 7 -1
1 7 0
1 16 -2
1 16 -1
1 16 0
1 25 -2
1 25 -1
1 25 0
26 27 -2
26 27 -1
26 27 0
5 4 -2
5 4 -1
5 4 0
9 2 -2
9 2 -1
9 2 0
7 32 -2
7 32 -1
7 32 0
18 32 -2
18 32 -1
18 32 0
27 28 -2
27 28 -1
27 28 0
0 11 -2
0 11 -1
0 11 0
30 24 -2
30 24 -1
30 24 0
0 20 -2
0 20 -1
0 20 0
0 29 -2
0 29 -1
0 29 0
31 7 -2
31 7 -1
31 7 0
12 3 -2
12 3 -1
12 3 0
23 3 -2
23 3 -1
23 3 0
31 16 -2
31 16 -1
31 16 0
31 25 -2
31 25 -1
31 25 0
4 8 -2
4 8 -1
4 8 0
12 30 -2
12 30 -1
12 30 0
23 30 -2
23 30 -1
23 30 0
4 26 -2
4 26 -1
4 26 0
1 2 -2
1 2 -1
1 2 0
24 4 -2
24 4 -1
24 4 0
16 0 -2
16 0 -1
16 0 0
1 11 -2
1 11 -1
1 11 0
1 20 -2
1 20 -1
1 20 0
15 31 -2
15 31 -1
15 31 0
26 31 -2
26 31 -1
26 31 0
7 27 -2
7 27 -1
7 27 0
27 5 -2
27 5 -1
27 5 0
8 1 -2
8 1 -1
8 1 0
19 1 -2
19 1 -1
19 1 0
30 1 -2
30 1 -1
30 1 0
30 10 -2
30 10 -1
30 10 0
0 6 -2
0 6 -1
0 6 0
27 32 -2
27 32 -1
27 32 0
0 15 -2
0 15 -1
0 15 0
8 28 -2
8 28 -1
8 28 0
30 28 -2
30 28 -1
30 28 0
0 24 -2
0 24 -1
0 24 0
20 2 -2
20 2 -1
20 2 0
31 2 -2
31 2 -1
31 2 0
31 11 -2
31 11 -1
31 11 0
31 20 -2
31 20 -1
31 20 0
4 3 -2
4 3 -1
4 3 0
1 6 -2
1 6 -1
1 6 0
27 0 -2
27 0 -1
27 0 0
7 31 -2
7 31 -1
7 31 0
18 31 -2
18 31 -1
18 31 0
8 5 -2
8 5 -1
8 5 0
30 5 -2
30 5 -1
30 5 0
0 1 -2
0 1 -1
0 1 0
11 1 -2
11 1 -1
11 1 0
27 27 -2
27 27 -1
27 27 0
0 10 -2
0 10 -1
0 10 0
30 23 -2
30 23 -1
30 23 0
0 19 -2
0 19 -1
0 19 0
30 32 -2
30 32 -1
30 32 0
0 28 -2
0 28 -1
0 28 0
31 6 -2
31 6 -1
31 6 0
12 2 -2
12 2 -1
12 2 0
23 2 -2
23 2 -1
23 2 0
25 30 -2
25 30 -1
25 30 0
4 7 -2
4 7 -1
4 7 0
1 1 -2
1 1 -1
1 1 0
3 29 -2
3 29 -1
3 29 0
26 3 -2
26 3 -1
26 3 0
