0.0 -4.680455824831631e-37
0.00011211211211211228 -2.396309794512831e-36
0.00022422422422422456 -1.207771490260609e-35
0.00033633633633633683 -5.992555337077105e-35
0.0004484484484484491 -2.9270033895268272e-34
0.0005605605605605614 -1.407397151260324e-33
0.0006726726726726719 -6.661786467871562e-33
0.0007847847847847842 -3.104156605710535e-32
0.0008968968968968965 -1.423880811949383e-31
0.0010090090090090088 -6.429525432655601e-31
0.001121121121121121 -2.8579694146517977e-30
0.0012332332332332333 -1.2505690095070054e-29
0.0013453453453453456 -5.38675423661493e-29
0.0014574574574574579 -2.284094128071381e-28
0.0015695695695695702 -9.53379965309982e-28
0.0016816816816816824 -3.917247525092209e-27
0.001793793793793793 -1.5843702694235806e-26
0.0019059059059059053 -6.307985081419091e-26
0.0020180180180180175 -2.4721822301701175e-25
0.00213013013013013 -9.537259796580772e-25
0.002242242242242242 -3.62174130006411e-24
0.0023543543543543544 -1.353814601536375e-23
0.0024664664664664666 -4.981338963655795e-23
0.002578578578578579 -1.8041606340139665e-22
0.002690690690690691 -6.431962158337702e-22
0.0028028028028028035 -2.2570842984075134e-21
0.0029149149149149158 -7.796233341207553e-21
0.003027027027027028 -2.6506429593878148e-20
0.0031391391391391403 -8.870405212920719e-20
0.003251251251251251 -2.9218494849986795e-19
0.003363363363363363 -9.473065844187307e-19
0.0034754754754754754 -3.022996418905218e-18
0.0035875875875875877 -9.494999172374694e-18
0.0036996996996997 -2.9353381445388354e-17
0.0038118118118118122 -8.931466145730758e-17
0.003923923923923923 -2.674755526002881e-16
0.004036036036036035 -7.883829995445708e-16
0.004148148148148147 -2.2870576431481417e-15
0.0042602602602602605 -6.529776608542553e-15
0.004372372372372373 -1.8348277237097806e-14
0.004484484484484484 -5.074136680522587e-14
0.0045965965965965964 -1.3809971743975268e-13
0.004708708708708709 -3.6989694470365824e-13
0.004820820820820821 -9.750329041541772e-13
0.004932932932932933 -2.5293054688723398e-12
0.0050450450450450456 -6.456829598796418e-12
0.005157157157157157 -1.622054935754561e-11
0.005269269269269269 -4.009883264795364e-11
0.0053813813813813815 -9.754592656390918e-11
0.005493493493493494 -2.335009259898029e-10
0.005605605605605606 -5.499971565180234e-10
0.0057177177177177175 -1.2747188358784706e-09
0.00582982982982983 -2.906963910186911e-09
0.005941941941941942 -6.5226588488352515e-09
0.006054054054054054 -1.4399827401652041e-08
0.006166166166166167 -3.127696171090349e-08
0.006278278278278279 -6.683634745287526e-08
0.00639039039039039 -1.4050994608041106e-07
0.0065025025025025026 -2.9059757765665866e-07
0.006614614614614615 -5.912222396678613e-07
0.006726726726726727 -1.1832199981833512e-06
0.006838838838838839 -2.3292550190455008e-06
0.006950950950950951 -4.510085755373203e-06
0.007063063063063063 -8.58907993443183e-06
0.007175175175175175 -1.6087135381441572e-05
0.007287287287287288 -2.9631609975024116e-05
0.0073993993993994 -5.367207050594876e-05
0.007511511511511511 -9.559336685166488e-05
0.007623623623623624 -0.0001674019685718696
0.007735735735735736 -0.0002882112067227713
0.007847847847847847 -0.0004877973218929935
0.00795995995995996 -0.0008115273158894633
0.008072072072072072 -0.0013269503290281404
0.008184184184184184 -0.0021322672957143226
0.008296296296296296 -0.003366712743894094
0.008408408408408409 -0.005222558822675892
0.008520520520520521 -0.007957951378793852
0.008632632632632633 -0.011909095664333333
0.008744744744744746 -0.01749944447214135
0.008856856856856858 -0.025242577368138522
0.008968968968968968 -0.035734539949152856
0.00908108108108108 -0.049630759306028165
0.009193193193193193 -0.06760255987025081
0.009305305305305305 -0.09026910614599785
0.009417417417417417 -0.11810260914441362
0.00952952952952953 -0.151308058280298
0.009641641641641642 -0.18968357492940113
0.009753753753753754 -0.23247340856921248
0.009865865865865867 -0.2782319076303177
0.009977977977977979 -0.3247224017365994
0.010090090090090091 -0.368878438934566
0.010202202202202202 -0.4068547455962795
0.010314314314314314 -0.43419034476576496
0.010426426426426426 -0.44609578653067944
0.010538538538538538 -0.43786064902163163
0.01065065065065065 -0.40535777254248817
0.010762762762762763 -0.345599712468568
0.010874874874874875 -0.25728422398914175
0.010986986986986988 -0.14125323571292253
0.0110990990990991 -0.0007873974440085635
0.011211211211211212 0.15833164479930087
0.011323323323323324 0.3280361150273453
0.011435435435435435 0.4984750717799609
0.011547547547547547 0.6587759983852536
0.01165965965965966 0.7979948883478073
0.011771771771771772 0.9061509106026523
0.011883883883883884 0.9752213715570308
0.011995995995995996 0.9999703321247234
0.012108108108108109 0.9785014414707366
0.012220220220220221 0.912460322745685
0.012332332332332333 0.8068588818888103
0.012444444444444445 0.669545532898809
0.012556556556556558 0.5103929708426063
0.012668668668668668 0.34031098433710194
0.01278078078078078 0.17021036621747737
0.012892892892892893 0.0100430089264741
0.013005005005005005 -0.131975931702235
0.013117117117117117 -0.24989094837750989
0.01322922922922923 -0.340241718440606
0.013341341341341342 -0.4020194836566265
0.013453453453453454 -0.43638704347778234
0.013565565565565567 -0.44622898670130545
0.013677677677677679 -0.4356097880880197
0.01378978978978979 -0.40921585149291484
0.013901901901901902 -0.37184582592138593
0.014014014014014014 -0.32799516573457294
0.014126126126126126 -0.2815599662692438
0.014238238238238238 -0.23566521812475788
0.01435035035035035 -0.1926064882057331
0.014462462462462463 -0.1538831531518972
0.014574574574574575 -0.12029599628457185
0.014686686686686688 -0.09208159395502136
0.0147987987987988 -0.06905921688622951
0.014910910910910912 -0.05077147549753493
0.015023023023023023 -0.036606239489665016
0.015135135135135135 -0.02589334241976626
0.015247247247247247 -0.01797450916586325
0.01535935935935936 -0.012248473145039308
0.015471471471471472 -0.008195356544047327
0.015583583583583584 -0.005385265739754807
0.015695695695695695 -0.0034760147281405747
0.015807807807807807 -0.0022042662288224253
0.01591991991991992 -0.0013734711453887514
0.01603203203203203 -0.000841020423342364
0.016144144144144144 -0.0005061482866354921
0.016256256256256256 -0.0002994200980724728
0.016368368368368368 -0.00017412431720799658
0.01648048048048048 -9.955262527368699e-05
0.016592592592592593 -5.596247859672523e-05
0.016704704704704705 -3.093322595203552e-05
0.016816816816816817 -1.6813881234309164e-05
0.01692892892892893 -8.987797475714592e-06
0.017041041041041042 -4.725056789759217e-06
0.017153153153153154 -2.4431674155823434e-06
0.017265265265265266 -1.242550693054506e-06
0.01737737737737738 -6.215991079337173e-07
0.01748948948948949 -3.0588719046802977e-07
0.017601601601601603 -1.4807604665481297e-07
0.017713713713713716 -7.051763488493743e-08
0.017825825825825828 -3.3038155283662084e-08
0.017937937937937937 -1.5228379913374428e-08
0.01805005005005005 -6.905979898184267e-09
0.01816216216216216 -3.0813683371530616e-09
0.018274274274274274 -1.3527603395848042e-09
0.018386386386386386 -5.843439980568985e-10
0.018498498498498498 -2.4836916715291616e-10
0.01861061061061061 -1.0387676822312957e-10
0.018722722722722723 -4.2750437492862955e-11
0.018834834834834835 -1.7313038546638184e-11
0.018946946946946947 -6.8996229705698554e-12
0.01905905905905906 -2.7058582320291625e-12
0.01917117117117117 -1.044287795705668e-12
0.019283283283283284 -3.966233966561593e-13
0.019395395395395396 -1.482472121904637e-13
0.01950750750750751 -5.4532021207138634e-14
0.01961961961961962 -1.9741491705905166e-14
0.019731731731731733 -7.033602256265494e-15
0.019843843843843845 -2.4663289052063686e-15
0.019955955955955958 -8.511481149705863e-16
0.02006806806806807 -2.8909835396676005e-16
0.020180180180180182 -9.664459230594656e-17
0.020292292292292295 -3.179844433869089e-17
0.020404404404404403 -1.0297582301002276e-17
0.020516516516516516 -3.2822394651663254e-18
0.020628628628628628 -1.0297105777161036e-18
0.02074074074074074 -3.1796122087001455e-19
0.020852852852852852 -9.663872563274995e-20
0.020964964964964965 -2.891013492276904e-20
0.021077077077077077 -8.512842710328242e-21
0.02118918918918919 -2.467335491249483e-21
0.0213013013013013 -7.039054290687561e-22
0.021413413413413414 -1.976679303388529e-22
0.021525525525525526 -5.463828572001475e-23
0.02163763763763764 -1.4866197828533268e-23
0.02174974974974975 -3.9815087823701285e-24
0.021861861861861863 -1.0496468475245729e-24
0.021973973973973975 -2.7238878467833866e-25
0.022086086086086087 -6.958063104021674e-26
0.0221981981981982 -1.7496177475863925e-26
0.022310310310310312 -4.3306802454875186e-27
0.022422422422422424 -1.0551873388709269e-27
0.022534534534534537 -2.5308466581423507e-28
0.02264664664664665 -5.975401967837551e-29
0.022758758758758758 -1.3887868759902912e-29
0.02287087087087087 -3.1774106715700554e-30
0.022982982982982982 -7.156198546356261e-31
0.023095095095095095 -1.5865897818727586e-31
0.023207207207207207 -3.4627573387685955e-32
0.02331931931931932 -7.439717304625429e-33
0.02343143143143143 -1.5735101856849226e-33
0.023543543543543544 -3.276145341471148e-34
0.023655655655655656 -6.714890182407656e-35
0.023767767767767768 -1.3548725597550425e-35
0.02387987987987988 -2.691183659614898e-36
0.023991991991991993 -5.262294120957849e-37
0.024104104104104105 -1.0129669583215935e-37
0.024216216216216217 -1.9195758117561323e-38
0.02432832832832833 -3.581017910480117e-39
0.024440440440440442 -6.576583224997486e-40
0.024552552552552554 -1.1890170462021067e-40
0.024664664664664666 -2.1162699674481527e-41
0.02477677677677678 -3.708092364196949e-42
0.02488888888888889 -6.396283877119974e-43
0.025001001001001003 -1.0861850533715363e-43
0.025113113113113116 -1.8158500469432655e-44
0.025225225225225224 -2.988528071443623e-45
0.025337337337337337 -4.8421361710963785e-46
0.02544944944944945 -7.723604604799776e-47
0.02556156156156156 -1.2128511078236165e-47
0.025673673673673673 -1.8749961852350734e-48
0.025785785785785786 -2.8536435598893182e-49
0.025897897897897898 -4.2756925751165783e-50
0.02601001001001001 -6.306981730173444e-51
0.026122122122122123 -9.15895559627748e-52
0.026234234234234235 -1.3094246577272364e-52
0.026346346346346347 -1.8430034021721057e-53
0.02645845845845846 -2.553781160711721e-54
0.02657057057057057 -3.4838061339569584e-55
0.026682682682682684 -4.678836380806317e-56
0.026794794794794796 -6.186373191336294e-57
0.02690690690690691 -8.052848569260272e-58
0.02701901901901902 -1.0319980437702858e-58
0.027131131131131133 -1.302041680201756e-59
0.027243243243243245 -1.617291487972928e-60
0.027355355355355358 -1.9777428800164777e-61
0.02746746746746747 -2.3810590802014317e-62
0.02757957957957958 -2.8222144348724953e-63
0.02769169169169169 -3.293290257950606e-64
0.027803803803803803 -3.78347463424516e-65
0.027915915915915916 -4.279303606148125e-66
0.028028028028028028 -4.7651596348461375e-67
0.02814014014014014 -5.224016051524455e-68
0.028252252252252252 -5.638386525458154e-69
0.028364364364364365 -5.99141036963319e-70
0.028476476476476477 -6.2679820511595285e-71
0.02858858858858859 -6.455820398823116e-72
0.0287007007007007 -6.546372369157972e-73
0.028812812812812814 -6.5354587881847015e-74
0.028924924924924926 -6.42359416648275e-75
0.02903703703703704 -6.215946498977267e-76
0.02914914914914915 -5.921941422275728e-77
0.029261261261261263 -5.554552955701687e-78
0.029373373373373375 -5.129355144122376e-79
0.029485485485485487 -4.6634310539583705e-80
0.0295975975975976 -4.1742451733042394e-81
0.029709709709709712 -3.6785817360825224e-82
0.029821821821821824 -3.191636199161282e-83
0.029933933933933933 -2.7263230328831486e-84
0.030046046046046045 -2.2928341245527488e-85
0.030158158158158158 -1.8984527007658043e-86
0.03027027027027027 -1.5476015827441212e-87
0.030382382382382382 -1.2420846637647211e-88
0.030494494494494494 -9.814683241407813e-90
0.030606606606606607 -7.635453315241634e-91
0.03071871871871872 -5.848267156516419e-92
0.03083083083083083 -4.410154476054988e-93
0.030942942942942944 -3.274273825008817e-94
0.031055055055055056 -2.393377230613761e-95
0.031167167167167168 -1.7224341995123803e-96
0.03127927927927928 -1.220421377808378e-97
0.03139139139139139 -8.513595337376367e-99
0.031503503503503505 -5.847262283167513e-100
0.031615615615615614 -3.9539289136160406e-101
0.03172772772772773 -2.632341201963917e-102
0.03183983983983984 -1.725412237575326e-103
0.031951951951951954 -1.1134770099106507e-104
0.03206406406406406 -7.074693636653877e-106
0.03217617617617618 -4.4256017823533973e-107
0.03228828828828829 -2.7256848805458664e-108
0.0324004004004004 -1.6527907453093405e-109
0.03251251251251251 -9.867322192797956e-111
0.03262462462462463 -5.799896519214904e-112
0.032736736736736737 -3.356456045965557e-113
0.03284884884884885 -1.9124132633519065e-114
0.03296096096096096 -1.0728101372261024e-115
0.03307307307307308 -5.925221635760244e-117
0.033185185185185186 -3.2220124021107114e-118
0.0332972972972973 -1.7250073676781408e-119
0.03340940940940941 -9.092767739791077e-121
0.03352152152152152 -4.7189230176544584e-122
0.033633633633633635 -2.4111908583350264e-123
0.033745745745745744 -1.2130045552067811e-124
0.03385785785785786 -6.008079421587788e-126
0.03396996996996997 -2.929891425812715e-127
0.034082082082082084 -1.4067283895425712e-128
0.03419419419419419 -6.649853419794649e-130
0.03430630630630631 -3.094975500193785e-131
0.03441841841841842 -1.4182275115979684e-132
0.03453053053053053 -6.398502801318181e-134
0.03464264264264264 -2.8422011383361016e-135
0.03475475475475476 -1.2430123802777989e-136
0.034866866866866866 -5.352300779023643e-138
0.03497897897897898 -2.269081986541676e-139
0.03509109109109109 -9.471193079133008e-141
0.03520320320320321 -3.8922812983914795e-142
0.035315315315315315 -1.5748854669741494e-143
0.03542742742742743 -6.273922561044097e-145
0.03553953953953954 -2.460792240505417e-146
0.035651651651651656 -9.502908560697848e-148
0.035763763763763765 -3.6131346532042518e-149
0.03587587587587587 -1.3525643110211863e-150
0.03598798798798799 -4.985148084856756e-152
0.0361001001001001 -1.809025740535091e-153
0.036212212212212214 -6.463357078965965e-155
0.03632432432432432 -2.2736229748458452e-156
0.03643643643643644 -7.874551303447435e-158
0.03654854854854855 -2.6852234008871543e-159
0.03666066066066066 -9.015346774466277e-161
0.03677277277277277 -2.9801081288638676e-162
0.03688488488488489 -9.699053246715141e-164
0.036996996996996996 -3.1079538552282526e-165
0.03710910910910911 -9.80545693523035e-167
0.03722122122122122 -3.0458556982421647e-168
0.037333333333333336 -9.315350051925219e-170
0.037445445445445445 -2.805030289169108e-171
0.03755755755755756 -8.3161938114254e-173
0.03766966966966967 -2.427506877418066e-174
0.037781781781781786 -6.976623757062826e-176
0.037893893893893894 -1.9741459059913805e-177
0.03800600600600601 -5.499996929452646e-179
0.03811811811811812 -1.508672736199215e-180
0.038230230230230235 -4.074526737528422e-182
0.03834234234234234 -1.0834502504841912e-183
0.03845445445445445 -2.8365509234311756e-185
0.03856656656656657 -7.3117635249874e-187
0.03867867867867868 -1.8556828922085038e-188
0.03879079079079079 -4.636983983181266e-190
0.0389029029029029 -1.1408216688687742e-191
0.03901501501501502 -2.7634422221298285e-193
0.039127127127127126 -6.5907312555005444e-195
0.03923923923923924 -1.5476313867683202e-196
0.03935135135135135 -3.578098472709992e-198
0.039463463463463466 -8.144942140521809e-200
0.039575575575575575 -1.8254703920885923e-201
0.03968768768768769 -4.0282162427570476e-203
0.0397997997997998 -8.751894405639792e-205
0.039911911911911915 -1.8721592463448438e-206
0.040024024024024024 -3.943075060843196e-208
0.04013613613613614 -8.176716748112199e-210
0.04024824824824825 -1.6694546480227806e-211
0.040360360360360364 -3.35600168888981e-213
0.04047247247247247 -6.642349106858298e-215
0.04058458458458459 -1.2944143323542075e-216
0.0406966966966967 -2.4835741082595237e-218
0.04080880880880881 -4.691732405109697e-220
0.04092092092092092 -8.726533249787325e-222
0.04103303303303303 -1.5980956425517845e-223
0.04114514514514515 -2.881485203958255e-225
0.041257257257257256 -5.115436847042122e-227
0.04136936936936937 -8.941324709902361e-229
0.04148148148148148 -1.5387707058534453e-230
0.041593593593593596 -2.6073477196676308e-232
0.041705705705705705 -4.3498781567337415e-234
0.04181781781781782 -7.145101811171203e-236
0.04192992992992993 -1.155561421065078e-237
0.042042042042042045 -1.8400559261001556e-239
0.042154154154154154 -2.8848449671097483e-241
0.04226626626626627 -4.453151723983859e-243
0.04237837837837838 -6.768090423575146e-245
0.042490490490490494 -1.0127880010374792e-246
0.0426026026026026 -1.4921921973849547e-248
0.04271471471471472 -2.1646360687124496e-250
0.04282682682682683 -3.0917118507223886e-252
0.04293893893893894 -4.3477764821943255e-254
0.04305105105105105 -6.019904053597367e-256
0.04316316316316316 -8.2066549618615025e-258
0.04327527527527528 -1.1015319688391628e-259
0.043387387387387386 -1.4557354043156852e-261
0.043499499499499494 -1.894184463912091e-263
0.0436116116116116 -2.4267031972513536e-265
0.043723723723723726 -3.061016700636818e-267
0.043835835835835835 -3.801626601447781e-269
0.04394794794794794 -4.648662484610995e-271
0.04406006006006005 -5.596821389342449e-273
0.044172172172172175 -6.634524912921483e-275
0.044284284284284284 -7.743427468483569e-277
0.04439639639639639 -8.898396175499524e-279
0.0445085085085085 -1.0068051082975495e-280
0.044620620620620624 -1.1215905079760812e-282
0.04473273273273273 -1.2302080178516116e-284
0.04484484484484484 -1.3285507988372807e-286
0.04495695695695695 -1.4126456288097483e-288
0.04506906906906907 -1.4789170558107452e-290
0.04518118118118118 -1.524438807071894e-292
0.04529329329329329 -1.5471479020872976e-294
0.0454054054054054 -1.5459996634474929e-296
0.04551751751751751 -1.5210474033888084e-298
0.04562962962962963 -1.4734383197534988e-300
0.04574174174174174 -1.405326041376846e-302
0.04585385385385385 -1.319709108910195e-304
0.04596596596596596 -1.2202122618472093e-306
0.04607807807807808 -1.1108327333983837e-308
0.04619019019019019 -9.9567620543428e-311
0.0463023023023023 -8.78706470757e-313
0.04641441441441441 -7.635291647e-315
0.04652652652652653 -6.5321214e-317
0.04663863863863864 -5.4813e-319
0.04675075075075075 -7.357e-321
0.046862862862862856 -0.0
0.04697497497497498 -0.0
0.04708708708708709 -0.0
0.047199199199199196 -0.0
0.047311311311311305 -0.0
0.04742342342342343 -0.0
0.047535535535535536 -0.0
0.047647647647647645 -0.0
0.047759759759759754 -0.0
0.04787187187187186 -0.0
0.047983983983983985 -0.0
0.048096096096096094 -0.0
0.0482082082082082 -0.0
0.04832032032032031 -0.0
0.048432432432432435 -0.0
0.04854454454454454 -0.0
0.04865665665665665 -0.0
0.04876876876876876 -0.0
0.048880880880880884 -0.0
0.04899299299299299 -0.0
0.0491051051051051 -0.0
0.04921721721721721 -0.0
0.04932932932932933 -0.0
0.04944144144144144 -0.0
0.04955355355355355 -0.0
0.04966566566566566 -0.0
0.04977777777777778 -0.0
0.04988988988988989 -0.0
0.050002002002002 -0.0
0.05011411411411411 -0.0
0.05022622622622623 -0.0
0.05033833833833834 -0.0
0.05045045045045045 -0.0
0.05056256256256256 -0.0
0.050674674674674666 -0.0
0.05078678678678679 -0.0
0.0508988988988989 -0.0
0.05101101101101101 -0.0
0.051123123123123115 -0.0
0.05123523523523524 -0.0
0.05134734734734735 -0.0
0.051459459459459456 -0.0
0.051571571571571564 -0.0
0.05168368368368369 -0.0
0.051795795795795796 -0.0
0.051907907907907905 -0.0
0.052020020020020014 -0.0
0.052132132132132136 -0.0
0.052244244244244245 -0.0
0.052356356356356354 -0.0
0.05246846846846846 -0.0
0.052580580580580585 -0.0
0.052692692692692694 -0.0
0.0528048048048048 -0.0
0.05291691691691691 -0.0
0.05302902902902902 -0.0
0.05314114114114114 -0.0
0.05325325325325325 -0.0
0.05336536536536536 -0.0
0.05347747747747747 -0.0
0.05358958958958959 -0.0
0.0537017017017017 -0.0
0.05381381381381381 -0.0
0.05392592592592592 -0.0
0.05403803803803804 -0.0
0.05415015015015015 -0.0
0.05426226226226226 -0.0
0.05437437437437437 -0.0
0.05448648648648649 -0.0
0.0545985985985986 -0.0
0.05471071071071071 -0.0
0.05482282282282282 -0.0
0.05493493493493494 -0.0
0.05504704704704705 -0.0
0.05515915915915916 -0.0
0.055271271271271266 -0.0
0.055383383383383375 -0.0
0.0554954954954955 -0.0
0.055607607607607606 -0.0
0.055719719719719715 -0.0
0.055831831831831824 -0.0
0.05594394394394395 -0.0
0.056056056056056056 -0.0
0.056168168168168164 -0.0
0.05628028028028027 -0.0
0.056392392392392396 -0.0
0.056504504504504505 -0.0
0.056616616616616613 -0.0
0.05672872872872872 -0.0
0.056840840840840845 -0.0
0.056952952952952954 -0.0
0.05706506506506506 -0.0
0.05717717717717717 -0.0
0.057289289289289294 -0.0
0.0574014014014014 -0.0
0.05751351351351351 -0.0
0.05762562562562562 -0.0
0.05773773773773773 -0.0
0.05784984984984985 -0.0
0.05796196196196196 -0.0
0.05807407407407407 -0.0
0.05818618618618618 -0.0
0.0582982982982983 -0.0
0.05841041041041041 -0.0
0.05852252252252252 -0.0
0.05863463463463463 -0.0
0.05874674674674675 -0.0
0.05885885885885886 -0.0
0.05897097097097097 -0.0
0.05908308308308308 -0.0
0.0591951951951952 -0.0
0.05930730730730731 -0.0
0.05941941941941942 -0.0
0.059531531531531526 -0.0
0.05964364364364365 -0.0
0.05975575575575576 -0.0
0.059867867867867866 -0.0
0.059979979979979975 -0.0
0.060092092092092084 -0.0
0.060204204204204206 -0.0
0.060316316316316315 -0.0
0.060428428428428424 -0.0
0.06054054054054053 -0.0
0.060652652652652655 -0.0
0.060764764764764764 -0.0
0.06087687687687687 -0.0
0.06098898898898898 -0.0
0.061101101101101105 -0.0
0.06121321321321321 -0.0
0.06132532532532532 -0.0
0.06143743743743743 -0.0
0.061549549549549554 -0.0
0.06166166166166166 -0.0
0.06177377377377377 -0.0
0.06188588588588588 -0.0
0.061997997997998 -0.0
0.06211011011011011 -0.0
0.06222222222222222 -0.0
0.06233433433433433 -0.0
0.06244644644644644 -0.0
0.06255855855855856 -0.0
0.06267067067067067 -0.0
0.06278278278278278 -0.0
0.0628948948948949 -0.0
0.06300700700700701 -0.0
0.06311911911911912 -0.0
0.06323123123123123 -0.0
0.06334334334334335 -0.0
0.06345545545545546 -0.0
0.06356756756756757 -0.0
0.06367967967967968 -0.0
0.0637917917917918 -0.0
0.06390390390390391 -0.0
0.06401601601601602 -0.0
0.06412812812812813 -0.0
0.06424024024024025 -0.0
0.06435235235235236 -0.0
0.06446446446446447 -0.0
0.06457657657657657 -0.0
0.06468868868868868 -0.0
0.0648008008008008 -0.0
0.06491291291291292 -0.0
0.06502502502502502 -0.0
0.06513713713713713 -0.0
0.06524924924924926 -0.0
0.06536136136136136 -0.0
0.06547347347347347 -0.0
0.06558558558558558 -0.0
0.0656976976976977 -0.0
0.06580980980980981 -0.0
0.06592192192192192 -0.0
0.06603403403403403 -0.0
0.06614614614614615 -0.0
0.06625825825825826 -0.0
0.06637037037037037 -0.0
0.06648248248248248 -0.0
0.0665945945945946 -0.0
0.06670670670670671 -0.0
0.06681881881881882 -0.0
0.06693093093093093 -0.0
0.06704304304304304 -0.0
0.06715515515515516 -0.0
0.06726726726726727 -0.0
0.06737937937937938 -0.0
0.06749149149149149 -0.0
0.06760360360360361 -0.0
0.06771571571571572 -0.0
0.06782782782782783 -0.0
0.06793993993993994 -0.0
0.06805205205205206 -0.0
0.06816416416416417 -0.0
0.06827627627627628 -0.0
0.06838838838838839 -0.0
0.06850050050050051 -0.0
0.06861261261261262 -0.0
0.06872472472472473 -0.0
0.06883683683683683 -0.0
0.06894894894894896 -0.0
0.06906106106106107 -0.0
0.06917317317317317 -0.0
0.06928528528528528 -0.0
0.06939739739739739 -0.0
0.06950950950950952 -0.0
0.06962162162162162 -0.0
0.06973373373373373 -0.0
0.06984584584584584 -0.0
0.06995795795795796 -0.0
0.07007007007007007 -0.0
0.07018218218218218 -0.0
0.07029429429429429 -0.0
0.07040640640640641 -0.0
0.07051851851851852 -0.0
0.07063063063063063 -0.0
0.07074274274274274 -0.0
0.07085485485485486 -0.0
0.07096696696696697 -0.0
0.07107907907907908 -0.0
0.07119119119119119 -0.0
0.07130330330330331 -0.0
0.07141541541541542 -0.0
0.07152752752752753 -0.0
0.07163963963963964 -0.0
0.07175175175175175 -0.0
0.07186386386386387 -0.0
0.07197597597597598 -0.0
0.07208808808808809 -0.0
0.0722002002002002 -0.0
0.07231231231231232 -0.0
0.07242442442442443 -0.0
0.07253653653653654 -0.0
0.07264864864864864 -0.0
0.07276076076076077 -0.0
0.07287287287287288 -0.0
0.07298498498498499 -0.0
0.0730970970970971 -0.0
0.07320920920920922 -0.0
0.07332132132132133 -0.0
0.07343343343343343 -0.0
0.07354554554554554 -0.0
0.07365765765765767 -0.0
0.07376976976976977 -0.0
0.07388188188188188 -0.0
0.07399399399399399 -0.0
0.07410610610610611 -0.0
0.07421821821821822 -0.0
0.07433033033033033 -0.0
0.07444244244244244 -0.0
0.07455455455455455 -0.0
0.07466666666666667 -0.0
0.07477877877877878 -0.0
0.07489089089089089 -0.0
0.075003003003003 -0.0
0.07511511511511512 -0.0
0.07522722722722723 -0.0
0.07533933933933934 -0.0
0.07545145145145145 -0.0
0.07556356356356357 -0.0
0.07567567567567568 -0.0
0.07578778778778779 -0.0
0.0758998998998999 -0.0
0.07601201201201202 -0.0
0.07612412412412413 -0.0
0.07623623623623624 -0.0
0.07634834834834835 -0.0
0.07646046046046047 -0.0
0.07657257257257258 -0.0
0.07668468468468469 -0.0
0.0767967967967968 -0.0
0.0769089089089089 -0.0
0.07702102102102103 -0.0
0.07713313313313314 -0.0
0.07724524524524524 -0.0
0.07735735735735735 -0.0
0.07746946946946948 -0.0
0.07758158158158159 -0.0
0.0776936936936937 -0.0
0.0778058058058058 -0.0
0.07791791791791793 -0.0
0.07803003003003003 -0.0
0.07814214214214214 -0.0
0.07825425425425425 -0.0
0.07836636636636637 -0.0
0.07847847847847848 -0.0
0.07859059059059059 -0.0
0.0787027027027027 -0.0
0.07881481481481482 -0.0
0.07892692692692693 -0.0
0.07903903903903904 -0.0
0.07915115115115115 -0.0
0.07926326326326326 -0.0
0.07937537537537538 -0.0
0.07948748748748749 -0.0
0.0795995995995996 -0.0
0.07971171171171171 -0.0
0.07982382382382383 -0.0
0.07993593593593594 -0.0
0.08004804804804805 -0.0
0.08016016016016016 -0.0
0.08027227227227228 -0.0
0.08038438438438439 -0.0
0.0804964964964965 -0.0
0.0806086086086086 -0.0
0.08072072072072073 -0.0
0.08083283283283284 -0.0
0.08094494494494495 -0.0
0.08105705705705706 -0.0
0.08116916916916918 -0.0
0.08128128128128129 -0.0
0.0813933933933934 -0.0
0.0815055055055055 -0.0
0.08161761761761761 -0.0
0.08172972972972974 -0.0
0.08184184184184184 -0.0
0.08195395395395395 -0.0
0.08206606606606606 -0.0
0.08217817817817819 -0.0
0.0822902902902903 -0.0
0.0824024024024024 -0.0
0.08251451451451451 -0.0
0.08262662662662663 -0.0
0.08273873873873874 -0.0
0.08285085085085085 -0.0
0.08296296296296296 -0.0
0.08307507507507508 -0.0
0.08318718718718719 -0.0
0.0832992992992993 -0.0
0.08341141141141141 -0.0
0.08352352352352353 -0.0
0.08363563563563564 -0.0
0.08374774774774775 -0.0
0.08385985985985986 -0.0
0.08397197197197197 -0.0
0.08408408408408409 -0.0
0.0841961961961962 -0.0
0.08430830830830831 -0.0
0.08442042042042042 -0.0
0.08453253253253254 -0.0
0.08464464464464465 -0.0
0.08475675675675676 -0.0
0.08486886886886887 -0.0
0.08498098098098099 -0.0
0.0850930930930931 -0.0
0.0852052052052052 -0.0
0.08531731731731731 -0.0
0.08542942942942944 -0.0
0.08554154154154155 -0.0
0.08565365365365366 -0.0
0.08576576576576576 -0.0
0.08587787787787789 -0.0
0.08598998998999 -0.0
0.0861021021021021 -0.0
0.08621421421421421 -0.0
0.08632632632632632 -0.0
0.08643843843843844 -0.0
0.08655055055055055 -0.0
0.08666266266266266 -0.0
0.08677477477477477 -0.0
0.0868868868868869 -0.0
0.086998998998999 -0.0
0.08711111111111111 -0.0
0.08722322322322322 -0.0
0.08733533533533534 -0.0
0.08744744744744745 -0.0
0.08755955955955956 -0.0
0.08767167167167167 -0.0
0.08778378378378379 -0.0
0.0878958958958959 -0.0
0.08800800800800801 -0.0
0.08812012012012012 -0.0
0.08823223223223224 -0.0
0.08834434434434435 -0.0
0.08845645645645646 -0.0
0.08856856856856857 -0.0
0.08868068068068068 -0.0
0.0887927927927928 -0.0
0.08890490490490491 -0.0
0.08901701701701702 -0.0
0.08912912912912913 -0.0
0.08924124124124125 -0.0
0.08935335335335336 -0.0
0.08946546546546547 -0.0
0.08957757757757757 -0.0
0.0896896896896897 -0.0
0.0898018018018018 -0.0
0.08991391391391391 -0.0
0.09002602602602602 -0.0
0.09013813813813815 -0.0
0.09025025025025026 -0.0
0.09036236236236236 -0.0
0.09047447447447447 -0.0
0.0905865865865866 -0.0
0.0906986986986987 -0.0
0.09081081081081081 -0.0
0.09092292292292292 -0.0
0.09103503503503503 -0.0
0.09114714714714715 -0.0
0.09125925925925926 -0.0
0.09137137137137137 -0.0
0.09148348348348348 -0.0
0.0915955955955956 -0.0
0.09170770770770771 -0.0
0.09181981981981982 -0.0
0.09193193193193193 -0.0
0.09204404404404405 -0.0
0.09215615615615616 -0.0
0.09226826826826827 -0.0
0.09238038038038038 -0.0
0.0924924924924925 -0.0
0.09260460460460461 -0.0
0.09271671671671672 -0.0
0.09282882882882883 -0.0
0.09294094094094095 -0.0
0.09305305305305306 -0.0
0.09316516516516517 -0.0
0.09327727727727728 -0.0
0.09338938938938939 -0.0
0.09350150150150151 -0.0
0.09361361361361362 -0.0
0.09372572572572573 -0.0
0.09383783783783783 -0.0
0.09394994994994996 -0.0
0.09406206206206207 -0.0
0.09417417417417417 -0.0
0.09428628628628628 -0.0
0.0943983983983984 -0.0
0.09451051051051051 -0.0
0.09462262262262262 -0.0
0.09473473473473473 -0.0
0.09484684684684686 -0.0
0.09495895895895896 -0.0
0.09507107107107107 -0.0
0.09518318318318318 -0.0
0.0952952952952953 -0.0
0.09540740740740741 -0.0
0.09551951951951952 -0.0
0.09563163163163163 -0.0
0.09574374374374374 -0.0
0.09585585585585586 -0.0
0.09596796796796797 -0.0
0.09608008008008008 -0.0
0.09619219219219219 -0.0
0.09630430430430431 -0.0
0.09641641641641642 -0.0
0.09652852852852853 -0.0
0.09664064064064064 -0.0
0.09675275275275276 -0.0
0.09686486486486487 -0.0
0.09697697697697698 -0.0
0.09708908908908909 -0.0
0.09720120120120121 -0.0
0.09731331331331332 -0.0
0.09742542542542543 -0.0
0.09753753753753754 -0.0
0.09764964964964966 -0.0
0.09776176176176177 -0.0
0.09787387387387388 -0.0
0.09798598598598598 -0.0
0.0980980980980981 -0.0
0.09821021021021022 -0.0
0.09832232232232233 -0.0
0.09843443443443443 -0.0
0.09854654654654654 -0.0
0.09865865865865867 -0.0
0.09877077077077077 -0.0
0.09888288288288288 -0.0
0.09899499499499499 -0.0
0.09910710710710711 -0.0
0.09921921921921922 -0.0
0.09933133133133133 -0.0
0.09944344344344344 -0.0
0.09955555555555556 -0.0
0.09966766766766767 -0.0
0.09977977977977978 -0.0
0.09989189189189189 -0.0
0.10000400400400401 -0.0
0.10011611611611612 -0.0
0.10022822822822823 -0.0
0.10034034034034034 -0.0
0.10045245245245246 -0.0
0.10056456456456457 -0.0
0.10067667667667668 -0.0
0.10078878878878879 -0.0
0.1009009009009009 -0.0
0.10101301301301302 -0.0
0.10112512512512513 -0.0
0.10123723723723724 -0.0
0.10134934934934935 -0.0
0.10146146146146147 -0.0
0.10157357357357358 -0.0
0.10168568568568569 -0.0
0.1017977977977978 -0.0
0.10190990990990992 -0.0
0.10202202202202203 -0.0
0.10213413413413414 -0.0
0.10224624624624624 -0.0
0.10235835835835837 -0.0
0.10247047047047048 -0.0
0.10258258258258258 -0.0
0.1026946946946947 -0.0
0.10280680680680682 -0.0
0.10291891891891893 -0.0
0.10303103103103103 -0.0
0.10314314314314314 -0.0
0.10325525525525525 -0.0
0.10336736736736737 -0.0
0.10347947947947948 -0.0
0.10359159159159159 -0.0
0.1037037037037037 -0.0
0.10381581581581582 -0.0
0.10392792792792793 -0.0
0.10404004004004004 -0.0
0.10415215215215215 -0.0
0.10426426426426427 -0.0
0.10437637637637638 -0.0
0.10448848848848849 -0.0
0.1046006006006006 -0.0
0.10471271271271272 -0.0
0.10482482482482483 -0.0
0.10493693693693694 -0.0
0.10504904904904905 -0.0
0.10516116116116117 -0.0
0.10527327327327328 -0.0
0.10538538538538539 -0.0
0.1054974974974975 -0.0
0.1056096096096096 -0.0
0.10572172172172173 -0.0
0.10583383383383384 -0.0
0.10594594594594595 -0.0
0.10605805805805806 -0.0
0.10617017017017018 -0.0
0.10628228228228229 -0.0
0.1063943943943944 -0.0
0.1065065065065065 -0.0
0.10661861861861863 -0.0
0.10673073073073074 -0.0
0.10684284284284284 -0.0
0.10695495495495495 -0.0
0.10706706706706708 -0.0
0.10717917917917918 -0.0
0.1072912912912913 -0.0
0.1074034034034034 -0.0
0.10751551551551553 -0.0
0.10762762762762763 -0.0
0.10773973973973974 -0.0
0.10785185185185185 -0.0
0.10796396396396396 -0.0
0.10807607607607608 -0.0
0.10818818818818819 -0.0
0.1083003003003003 -0.0
0.10841241241241241 -0.0
0.10852452452452453 -0.0
0.10863663663663664 -0.0
0.10874874874874875 -0.0
0.10886086086086086 -0.0
0.10897297297297298 -0.0
0.10908508508508509 -0.0
0.1091971971971972 -0.0
0.10930930930930931 -0.0
0.10942142142142143 -0.0
0.10953353353353354 -0.0
0.10964564564564565 -0.0
0.10975775775775776 -0.0
0.10986986986986988 -0.0
0.10998198198198199 -0.0
0.1100940940940941 -0.0
0.1102062062062062 -0.0
0.11031831831831831 -0.0
0.11043043043043044 -0.0
0.11054254254254255 -0.0
0.11065465465465465 -0.0
0.11076676676676676 -0.0
0.11087887887887889 -0.0
0.110990990990991 -0.0
0.1111031031031031 -0.0
0.11121521521521521 -0.0
0.11132732732732734 -0.0
0.11143943943943944 -0.0
0.11155155155155155 -0.0
0.11166366366366366 -0.0
0.11177577577577578 -0.0
0.1118878878878879 -0.0
0.112 -0.0
