curve
3D
346
28 15 -2 4 4 0 198 7.686398e-01 3 0 198 4.368519e-02 4 1 198 1.876750e-01 4 0 197 0.000000e+00 
28 14 -2 4 8 0 198 1.107005e-01 7 0 198 1.429715e-01 8 1 198 7.463280e-01 8 0 197 0.000000e+00 
27 11 -2 4 20 0 198 3.195882e-01 21 0 198 3.041731e-01 20 1 198 3.762387e-01 20 0 197 -0.000000e+00 
26 9 -2 4 29 0 198 5.882834e-03 30 0 198 6.390171e-02 29 1 198 9.302155e-01 29 0 197 -0.000000e+00 
25 8 -2 4 34 0 198 2.289035e-01 35 0 198 5.810032e-01 34 1 198 1.900933e-01 34 0 197 -0.000000e+00 
24 7 -2 4 40 0 198 6.394911e-01 41 0 198 1.716363e-01 40 1 198 1.888727e-01 40 0 197 -0.000000e+00 
23 6 -2 4 46 1 198 6.196689e-01 46 0 198 6.789375e-02 45 1 198 3.124373e-01 46 1 197 0.000000e+00 
21 5 -2 4 54 0 198 1.722596e-01 55 0 198 4.510645e-01 54 1 198 3.766760e-01 54 0 197 -0.000000e+00 
18 4 -2 4 67 0 198 1.434665e-01 66 0 198 1.104953e-01 67 1 198 7.460382e-01 67 0 197 0.000000e+00 
17 4 -2 4 70 0 198 1.455954e-02 71 0 198 7.963033e-01 70 1 198 1.891372e-01 70 0 197 -0.000000e+00 
16 4 -2 4 74 0 198 2.477387e-01 75 0 198 7.500242e-01 74 1 198 2.237096e-03 74 0 197 -0.000000e+00 
15 4 -2 4 78 0 198 1.014005e-01 79 0 198 7.089441e-01 78 1 198 1.896555e-01 78 0 197 -0.000000e+00 
14 4 -2 4 83 1 198 3.585148e-01 83 0 198 2.522592e-01 82 1 198 3.892259e-01 83 1 197 0.000000e+00 
11 5 -2 4 95 0 198 5.732736e-01 96 0 198 5.242689e-02 95 1 198 3.742995e-01 95 0 197 -0.000000e+00 
9 6 -2 4 104 1 198 7.443893e-01 104 0 198 6.865415e-02 103 1 198 1.869566e-01 104 1 197 0.000000e+00 
8 7 -2 4 109 0 198 4.800547e-01 110 0 198 3.301292e-01 109 1 198 1.898162e-01 109 0 197 -0.000000e+00 
7 8 -2 4 115 0 198 7.327072e-01 114 0 198 7.924744e-02 115 1 198 1.880454e-01 115 0 197 0.000000e+00 
6 9 -2 4 121 1 198 3.703599e-01 121 0 198 6.751596e-02 120 1 198 5.621241e-01 121 1 197 0.000000e+00 
5 11 -2 4 129 0 198 4.250656e-01 130 0 198 1.993215e-01 129 1 198 3.756129e-01 129 0 197 -0.000000e+00 
4 14 -2 4 142 1 198 3.903019e-01 142 0 198 2.523561e-01 141 1 198 3.573420e-01 142 1 197 0.000000e+00 
4 15 -2 4 145 0 198 2.644134e-01 146 0 198 5.454432e-01 145 1 198 1.901434e-01 145 0 197 -0.000000e+00 
4 16 -2 4 149 0 198 4.969896e-01 150 0 198 5.000276e-01 149 1 198 2.982781e-03 149 0 197 -0.000000e+00 
4 17 -2 4 153 0 198 3.517786e-01 154 0 198 4.580779e-01 153 1 198 1.901435e-01 153 0 197 -0.000000e+00 
4 18 -2 4 158 1 198 1.095736e-01 158 0 198 2.523568e-01 157 1 198 6.380696e-01 158 1 197 0.000000e+00 
5 21 -2 4 170 0 198 4.250656e-01 169 0 198 1.993215e-01 170 1 198 3.756129e-01 170 0 197 0.000000e+00 
6 23 -2 4 179 1 198 4.958356e-01 179 0 198 6.751606e-02 178 1 198 4.366483e-01 179 1 197 0.000000e+00 
7 24 -2 4 184 0 198 7.327072e-01 185 0 198 7.924744e-02 184 1 198 1.880454e-01 184 0 197 -0.000000e+00 
8 25 -2 4 189 0 198 1.367981e-01 190 0 198 6.733856e-01 189 1 198 1.898163e-01 189 0 197 -0.000000e+00 
9 26 -2 4 196 1 198 1.195505e-01 196 0 198 6.865432e-02 195 1 198 8.117952e-01 196 1 197 0.000000e+00 
11 27 -2 4 204 0 198 5.732736e-01 203 0 198 5.242689e-02 204 1 198 3.742995e-01 204 0 197 0.000000e+00 
14 28 -2 4 217 1 198 1.415532e-01 217 0 198 2.522591e-01 216 1 198 6.061876e-01 217 1 197 0.000000e+00 
15 28 -2 4 220 0 198 5.157760e-01 221 0 198 2.945681e-01 220 1 198 1.896559e-01 220 0 197 -0.000000e+00 
16 28 -2 4 224 0 198 7.477457e-01 225 0 198 2.500173e-01 224 1 198 2.237093e-03 224 0 197 -0.000000e+00 
17 28 -2 4 228 0 198 6.036637e-01 229 0 198 2.071993e-01 228 1 198 1.891370e-01 228 0 197 -0.000000e+00 
18 28 -2 4 232 0 198 1.434665e-01 233 0 198 1.104953e-01 232 1 198 7.460382e-01 232 0 197 -0.000000e+00 
21 27 -2 4 244 0 198 6.741332e-02 245 0 198 5.559116e-01 244 1 198 3.766751e-01 244 0 197 -0.000000e+00 
23 26 -2 4 254 1 198 2.457780e-01 254 0 198 6.789363e-02 253 1 198 6.863284e-01 254 1 197 0.000000e+00 
24 25 -2 4 259 0 198 6.394911e-01 258 0 198 1.716363e-01 259 1 198 1.888727e-01 259 0 197 0.000000e+00 
25 24 -2 4 264 0 198 3.873907e-01 265 0 198 4.225168e-01 264 1 198 1.900925e-01 264 0 197 -0.000000e+00 
26 23 -2 4 270 0 198 5.882834e-03 269 0 198 6.390171e-02 270 1 198 9.302155e-01 270 0 197 0.000000e+00 
27 21 -2 4 279 0 198 3.195882e-01 278 0 198 3.041731e-01 279 1 198 3.762387e-01 279 0 197 0.000000e+00 
28 18 -2 4 291 0 198 1.107005e-01 292 0 198 1.429715e-01 291 1 198 7.463280e-01 291 0 197 -0.000000e+00 
28 17 -2 4 295 0 198 7.686398e-01 296 0 198 4.368519e-02 295 1 198 1.876750e-01 295 0 197 -0.000000e+00 
28 16 -2 4 299 0 197 -0.000000e+00 298 0 197 -0.000000e+00 299 1 197 -0.000000e+00 299 0 198 1.000000e+00 
28 13 -2 4 12 2 198 3.246143e-01 12 1 198 3.353091e-01 11 2 198 3.400765e-01 12 2 197 0.000000e+00 
19 4 -2 4 63 1 198 2.438120e-01 64 1 198 9.323512e-02 63 2 198 6.629528e-01 63 1 197 -0.000000e+00 
13 4 -2 4 87 2 198 7.632021e-02 87 1 198 3.351066e-01 86 2 198 5.885732e-01 87 2 197 0.000000e+00 
4 13 -2 4 138 1 198 1.766485e-01 137 1 198 1.597912e-01 138 2 198 6.635602e-01 138 1 197 0.000000e+00 
4 19 -2 4 161 1 198 1.766485e-01 162 1 198 1.597912e-01 161 2 198 6.635602e-01 161 1 197 -0.000000e+00 
13 28 -2 4 213 2 198 2.594510e-01 213 1 198 3.351063e-01 212 2 198 4.054427e-01 213 2 197 0.000000e+00 
19 28 -2 4 236 1 198 2.438120e-01 235 1 198 9.323512e-02 236 2 198 6.629528e-01 236 1 197 0.000000e+00 
28 19 -2 4 288 2 198 1.075683e-02 288 1 198 3.353074e-01 287 2 198 6.539357e-01 288 2 197 0.000000e+00 
28 12 -2 4 16 3 198 2.358690e-01 16 2 198 7.630825e-02 15 3 198 6.878227e-01 16 3 197 0.000000e+00 
27 10 -2 4 24 2 198 3.738352e-01 23 2 198 2.390721e-01 24 3 198 3.870927e-01 24 2 197 0.000000e+00 
22 5 -2 4 51 2 198 6.023449e-01 50 2 198 1.266368e-02 51 3 198 3.849914e-01 51 2 197 0.000000e+00 
20 4 -2 4 60 3 198 3.635950e-01 60 2 198 7.590572e-02 59 3 198 5.604993e-01 60 3 197 0.000000e+00 
12 4 -2 4 90 2 198 1.601904e-02 91 2 198 6.226173e-02 90 3 198 9.217192e-01 90 2 197 -0.000000e+00 
10 5 -2 4 98 2 198 9.592460e-02 99 2 198 5.161264e-01 98 3 198 3.879489e-01 98 2 197 -0.000000e+00 
5 10 -2 4 126 2 198 3.483521e-01 125 2 198 2.643987e-01 126 3 198 3.872492e-01 126 2 197 0.000000e+00 
4 12 -2 4 135 3 198 1.127755e-01 135 2 198 7.707902e-02 134 3 198 8.101454e-01 135 3 197 0.000000e+00 
4 20 -2 4 165 3 198 7.344189e-01 165 2 198 7.707871e-02 164 3 198 1.885024e-01 165 3 197 0.000000e+00 
5 22 -2 4 173 2 198 3.483521e-01 174 2 198 2.643987e-01 173 3 198 3.872492e-01 173 2 197 -0.000000e+00 
10 27 -2 4 200 2 198 1.212488e-01 201 2 198 4.908018e-01 200 3 198 3.879494e-01 200 2 197 -0.000000e+00 
12 28 -2 4 209 2 198 1.601904e-02 208 2 198 6.226173e-02 209 3 198 9.217192e-01 209 2 197 0.000000e+00 
20 28 -2 4 240 3 198 4.859251e-01 240 2 198 7.590589e-02 239 3 198 4.381690e-01 240 3 197 0.000000e+00 
22 27 -2 4 248 2 198 6.023449e-01 249 2 198 1.266368e-02 248 3 198 3.849914e-01 248 2 197 -0.000000e+00 
27 22 -2 4 275 2 198 3.738352e-01 276 2 198 2.390721e-01 275 3 198 3.870927e-01 275 2 197 -0.000000e+00 
28 20 -2 4 284 3 198 6.128537e-01 284 2 198 7.630788e-02 283 3 198 3.108384e-01 284 3 197 0.000000e+00 
26 8 -2 4 32 3 198 2.603146e-01 33 3 198 1.103307e-01 32 4 198 6.293547e-01 32 3 197 -0.000000e+00 
25 7 -2 4 37 3 198 3.445494e-01 38 3 198 3.768370e-01 37 4 198 2.786136e-01 37 3 197 -0.000000e+00 
24 6 -2 4 43 3 198 5.853321e-03 42 3 198 3.630991e-01 43 4 198 6.310475e-01 43 3 197 0.000000e+00 
8 6 -2 4 107 3 198 2.278962e-01 106 3 198 1.424448e-01 107 4 198 6.296589e-01 107 3 197 0.000000e+00 
7 7 -2 4 112 3 198 5.973545e-01 113 3 198 1.256126e-01 112 4 198 2.770330e-01 112 3 197 -0.000000e+00 
6 8 -2 4 118 4 198 2.590716e-02 118 3 198 3.688523e-01 117 4 198 6.052405e-01 118 4 197 0.000000e+00 
6 24 -2 4 182 4 198 2.427477e-01 182 3 198 3.688523e-01 181 4 198 3.884000e-01 182 4 197 0.000000e+00 
7 25 -2 4 187 3 198 5.973545e-01 186 3 198 1.256126e-01 187 4 198 2.770330e-01 187 3 197 0.000000e+00 
8 26 -2 4 192 3 198 2.278962e-01 193 3 198 1.424448e-01 192 4 198 6.296589e-01 192 3 197 -0.000000e+00 
24 26 -2 4 256 3 198 5.853321e-03 257 3 198 3.630991e-01 256 4 198 6.310475e-01 256 3 197 -0.000000e+00 
25 25 -2 4 261 3 198 9.333619e-02 262 3 198 6.280512e-01 261 4 198 2.786126e-01 261 3 197 -0.000000e+00 
26 24 -2 4 267 3 198 2.603146e-01 266 3 198 1.103307e-01 267 4 198 6.293547e-01 267 3 197 0.000000e+00 
29 15 -2 4 4 5 198 3.310259e-01 4 4 198 3.242431e-01 3 5 198 3.447310e-01 4 5 197 0.000000e+00 
28 11 -2 4 19 4 198 2.830386e-01 18 4 198 2.147963e-01 19 5 198 5.021651e-01 19 4 197 0.000000e+00 
27 9 -2 4 27 4 198 2.955608e-01 26 4 198 3.123064e-02 27 5 198 6.732085e-01 27 4 197 0.000000e+00 
23 5 -2 4 48 4 198 1.032748e-01 47 4 198 2.216870e-01 48 5 198 6.750381e-01 48 4 197 0.000000e+00 
21 4 -2 4 56 4 198 4.621630e-01 55 4 198 3.737735e-02 56 5 198 5.004596e-01 56 4 197 0.000000e+00 
17 3 -2 4 71 4 198 2.282875e-01 72 4 198 9.775906e-02 71 5 198 6.739534e-01 71 4 197 -0.000000e+00 
16 3 -2 4 75 4 198 2.454059e-01 74 4 198 2.521726e-01 75 5 198 5.024215e-01 75 4 197 0.000000e+00 
15 3 -2 4 79 5 198 8.258876e-02 79 4 198 3.240609e-01 78 5 198 5.933503e-01 79 5 197 0.000000e+00 
11 4 -2 4 94 4 198 2.982525e-02 93 4 198 4.669639e-01 94 5 198 5.032108e-01 94 4 197 0.000000e+00 
9 5 -2 4 102 4 198 4.041286e-02 101 4 198 2.841482e-01 102 5 198 6.754389e-01 102 4 197 0.000000e+00 
5 9 -2 4 123 5 198 2.094938e-01 123 4 198 3.239518e-01 122 5 198 4.665544e-01 123 5 197 0.000000e+00 
4 11 -2 4 131 4 198 2.078076e-01 130 4 198 2.895481e-01 131 5 198 5.026443e-01 131 4 197 0.000000e+00 
3 15 -2 4 146 4 198 1.703378e-01 145 4 198 1.551596e-01 146 5 198 6.745026e-01 146 4 197 0.000000e+00 
3 16 -2 4 150 5 198 7.437354e-03 150 4 198 4.967726e-01 149 5 198 4.957901e-01 150 5 197 0.000000e+00 
3 17 -2 4 153 4 198 1.703378e-01 154 4 198 1.551596e-01 153 5 198 6.745026e-01 153 4 197 -0.000000e+00 
4 21 -2 4 168 4 198 2.078076e-01 169 4 198 2.895481e-01 168 5 198 5.026443e-01 168 4 197 -0.000000e+00 
5 23 -2 4 177 5 198 1.480924e-01 177 4 198 3.239526e-01 176 5 198 5.279549e-01 177 5 197 0.000000e+00 
9 27 -2 4 197 4 198 4.041286e-02 198 4 198 2.841482e-01 197 5 198 6.754389e-01 197 4 197 -0.000000e+00 
11 28 -2 4 205 4 198 2.982525e-02 206 4 198 4.669639e-01 205 5 198 5.032108e-01 205 4 197 -0.000000e+00 
15 29 -2 4 221 5 198 2.747813e-01 221 4 198 3.240616e-01 220 5 198 4.011571e-01 221 5 197 0.000000e+00 
16 29 -2 4 224 4 198 2.454059e-01 225 4 198 2.521726e-01 224 5 198 5.024215e-01 224 4 197 -0.000000e+00 
17 29 -2 4 228 4 198 2.282875e-01 227 4 198 9.775906e-02 228 5 198 6.739534e-01 228 4 197 0.000000e+00 
21 28 -2 4 243 4 198 4.621630e-01 244 4 198 3.737735e-02 243 5 198 5.004596e-01 243 4 197 -0.000000e+00 
23 27 -2 4 251 4 198 1.032748e-01 252 4 198 2.216870e-01 251 5 198 6.750381e-01 251 4 197 -0.000000e+00 
27 23 -2 4 272 4 198 2.955608e-01 273 4 198 3.123064e-02 272 5 198 6.732085e-01 272 4 197 -0.000000e+00 
28 21 -2 4 280 4 198 2.830386e-01 281 4 198 2.147963e-01 280 5 198 5.021651e-01 280 4 197 -0.000000e+00 
29 17 -2 4 296 5 198 2.598384e-02 296 4 198 3.242428e-01 295 5 198 6.497734e-01 296 5 197 0.000000e+00 
29 16 -2 4 299 4 198 5.000000e-01 298 4 198 0.000000e+00 299 5 198 5.000000e-01 299 4 197 0.000000e+00 
29 14 -2 4 7 5 198 5.441658e-01 8 5 198 2.650347e-01 7 6 198 1.907995e-01 7 5 197 -0.000000e+00 
18 3 -2 4 67 5 198 3.210718e-01 68 5 198 4.874039e-01 67 6 198 1.915243e-01 67 5 197 -0.000000e+00 
14 3 -2 4 82 5 198 7.973393e-01 83 5 198 1.421999e-02 82 6 198 1.884407e-01 82 5 197 -0.000000e+00 
3 14 -2 4 142 5 198 5.727906e-01 143 5 198 2.365952e-01 142 6 198 1.906142e-01 142 5 197 -0.000000e+00 
3 18 -2 4 156 5 198 4.274985e-02 157 5 198 7.666354e-01 156 6 198 1.906147e-01 156 5 197 -0.000000e+00 
14 29 -2 4 217 5 198 7.973393e-01 216 5 198 1.421999e-02 217 6 198 1.884407e-01 217 5 197 0.000000e+00 
18 29 -2 4 231 5 198 2.926341e-01 232 5 198 5.158424e-01 231 6 198 1.915235e-01 231 5 197 -0.000000e+00 
29 18 -2 4 291 5 198 7.100101e-02 292 5 198 7.381991e-01 291 6 198 1.907999e-01 291 5 197 -0.000000e+00 
29 13 -2 4 10 6 198 1.670663e-01 11 6 198 7.932684e-01 10 7 198 3.966530e-02 10 6 197 -0.000000e+00 
28 10 -2 4 22 6 198 5.612152e-01 23 6 198 6.415318e-02 22 7 198 3.746317e-01 22 6 197 -0.000000e+00 
26 7 -2 4 35 6 198 3.287623e-01 34 6 198 1.284450e-01 35 7 198 5.427926e-01 35 6 197 0.000000e+00 
25 6 -2 4 40 6 198 3.334240e-01 39 6 198 1.238285e-01 40 7 198 5.427474e-01 40 6 197 0.000000e+00 
22 4 -2 4 53 6 198 3.075676e-01 52 6 198 3.157262e-01 53 7 198 3.767062e-01 53 6 197 0.000000e+00 
19 3 -2 4 63 6 198 4.115920e-03 64 6 198 9.578529e-01 63 7 198 3.803113e-02 63 6 197 -0.000000e+00 
13 3 -2 4 85 6 198 4.161037e-01 86 6 198 5.431185e-01 85 7 198 4.077779e-02 85 6 197 -0.000000e+00 
10 4 -2 4 97 6 198 4.367210e-01 96 6 198 1.874232e-01 97 7 198 3.758558e-01 97 6 197 0.000000e+00 
7 6 -2 4 110 6 198 7.483499e-02 109 6 198 3.807144e-01 110 7 198 5.444506e-01 110 6 197 0.000000e+00 
6 7 -2 4 115 6 198 7.946920e-02 114 6 198 3.760975e-01 115 7 198 5.444333e-01 115 6 197 0.000000e+00 
4 10 -2 4 127 6 198 1.838922e-01 128 6 198 4.389935e-01 127 7 198 3.771142e-01 127 6 197 -0.000000e+00 
3 13 -2 4 138 6 198 2.520480e-01 139 6 198 7.077171e-01 138 7 198 4.023486e-02 138 6 197 -0.000000e+00 
3 19 -2 4 160 6 198 6.668117e-01 161 6 198 2.929534e-01 160 7 198 4.023482e-02 160 6 197 -0.000000e+00 
4 22 -2 4 171 6 198 5.559416e-02 172 6 198 5.672917e-01 171 7 198 3.771141e-01 171 6 197 -0.000000e+00 
6 25 -2 4 184 6 198 7.946920e-02 185 6 198 3.760975e-01 184 7 198 5.444333e-01 184 6 197 -0.000000e+00 
7 26 -2 4 189 6 198 7.483499e-02 190 6 198 3.807144e-01 189 7 198 5.444506e-01 189 6 197 -0.000000e+00 
10 28 -2 4 202 6 198 4.367210e-01 203 6 198 1.874232e-01 202 7 198 3.758558e-01 202 6 197 -0.000000e+00 
13 29 -2 4 213 6 198 5.016609e-01 214 6 198 4.575611e-01 213 7 198 4.077801e-02 213 6 197 -0.000000e+00 
19 29 -2 4 235 6 198 9.191881e-01 236 6 198 4.278093e-02 235 7 198 3.803094e-02 235 6 197 -0.000000e+00 
22 28 -2 4 246 6 198 3.075676e-01 247 6 198 3.157262e-01 246 7 198 3.767062e-01 246 6 197 -0.000000e+00 
25 26 -2 4 259 6 198 3.334240e-01 260 6 198 1.238285e-01 259 7 198 5.427474e-01 259 6 197 -0.000000e+00 
26 25 -2 4 264 6 198 3.287623e-01 265 6 198 1.284450e-01 264 7 198 5.427926e-01 264 6 197 -0.000000e+00 
28 22 -2 4 277 6 198 5.612152e-01 276 6 198 6.415318e-02 277 7 198 3.746317e-01 277 6 197 0.000000e+00 
29 19 -2 4 288 6 198 7.529419e-01 289 6 198 2.073927e-01 288 7 198 3.966535e-02 288 6 197 -0.000000e+00 
29 12 -2 4 14 7 198 5.857072e-01 15 7 198 2.054750e-01 14 8 198 2.088178e-01 14 7 197 -0.000000e+00 
27 8 -2 4 30 7 198 7.148872e-01 29 7 198 7.753160e-02 30 8 198 2.075812e-01 30 7 197 0.000000e+00 
24 5 -2 4 45 7 198 6.181190e-01 44 7 198 1.733323e-01 45 8 198 2.085487e-01 45 7 197 0.000000e+00 
20 3 -2 4 60 7 198 2.429229e-01 61 7 198 5.471088e-01 60 8 198 2.099683e-01 60 7 197 -0.000000e+00 
12 3 -2 4 89 7 198 7.474086e-01 88 7 198 4.539021e-02 89 8 198 2.072012e-01 89 7 197 0.000000e+00 
8 5 -2 4 104 7 198 1.153652e-01 105 7 198 6.750422e-01 104 8 198 2.095926e-01 104 7 197 -0.000000e+00 
5 8 -2 4 119 7 198 2.108360e-01 120 7 198 5.792483e-01 119 8 198 2.099157e-01 119 7 197 -0.000000e+00 
3 12 -2 4 135 7 198 4.943175e-01 136 7 198 2.962536e-01 135 8 198 2.094289e-01 135 7 197 -0.000000e+00 
3 20 -2 4 163 7 198 8.339150e-02 164 7 198 7.071798e-01 163 8 198 2.094287e-01 163 7 197 -0.000000e+00 
5 24 -2 4 179 7 198 3.658916e-01 180 7 198 4.241926e-01 179 8 198 2.099159e-01 179 7 197 -0.000000e+00 
8 27 -2 4 194 7 198 4.620132e-01 195 7 198 3.283940e-01 194 8 198 2.095928e-01 194 7 197 -0.000000e+00 
12 29 -2 4 210 7 198 7.474086e-01 211 7 198 4.539021e-02 210 8 198 2.072012e-01 210 7 197 -0.000000e+00 
20 29 -2 4 238 7 198 3.336988e-01 239 7 198 4.563334e-01 238 8 198 2.099678e-01 238 7 197 -0.000000e+00 
24 27 -2 4 254 7 198 6.181190e-01 255 7 198 1.733323e-01 254 8 198 2.085487e-01 254 7 197 -0.000000e+00 
27 24 -2 4 269 7 198 7.148872e-01 270 7 198 7.753160e-02 269 8 198 2.075812e-01 269 7 197 -0.000000e+00 
29 20 -2 4 285 7 198 5.857072e-01 284 7 198 2.054750e-01 285 8 198 2.088178e-01 285 7 197 0.000000e+00 
29 11 -2 4 18 9 198 1.566878e-01 18 8 198 3.188018e-01 17 9 198 5.245104e-01 18 9 197 0.000000e+00 
28 9 -2 4 25 8 198 3.517037e-01 26 8 198 1.307401e-01 25 9 198 5.175562e-01 25 8 197 -0.000000e+00 
23 4 -2 4 50 8 198 9.791584e-02 49 8 198 3.828360e-01 50 9 198 5.192482e-01 50 8 197 0.000000e+00 
21 3 -2 4 57 8 198 3.925159e-02 58 8 198 2.802275e-01 57 9 198 6.805209e-01 57 8 197 -0.000000e+00 
11 3 -2 4 92 8 198 9.458313e-02 93 8 198 2.252728e-01 92 9 198 6.801441e-01 92 8 197 -0.000000e+00 
9 4 -2 4 100 8 198 3.611811e-01 99 8 198 1.213585e-01 100 9 198 5.174604e-01 100 8 197 0.000000e+00 
4 9 -2 4 124 8 198 1.073281e-01 125 8 198 3.734544e-01 124 9 198 5.192175e-01 124 8 197 -0.000000e+00 
3 11 -2 4 132 8 198 2.944086e-01 133 8 198 2.747800e-02 132 9 198 6.781134e-01 132 8 197 -0.000000e+00 
3 21 -2 4 167 8 198 2.944086e-01 166 8 198 2.747800e-02 167 9 198 6.781134e-01 167 8 197 0.000000e+00 
4 23 -2 4 175 8 198 1.073281e-01 174 8 198 3.734544e-01 175 9 198 5.192175e-01 175 8 197 0.000000e+00 
9 28 -2 4 199 8 198 3.611811e-01 200 8 198 1.213585e-01 199 9 198 5.174604e-01 199 8 197 -0.000000e+00 
11 29 -2 4 207 8 198 9.458313e-02 206 8 198 2.252728e-01 207 9 198 6.801441e-01 207 8 197 0.000000e+00 
21 29 -2 4 242 8 198 3.925159e-02 241 8 198 2.802275e-01 242 9 198 6.805209e-01 242 8 197 0.000000e+00 
23 28 -2 4 249 8 198 9.791584e-02 250 8 198 3.828360e-01 249 9 198 5.192482e-01 249 8 197 -0.000000e+00 
28 23 -2 4 274 8 198 3.517037e-01 273 8 198 1.307401e-01 274 9 198 5.175562e-01 274 8 197 0.000000e+00 
29 21 -2 4 282 9 198 2.107664e-01 282 8 198 3.188032e-01 281 9 198 4.704304e-01 282 9 197 0.000000e+00 
30 16 -2 4 299 9 197 -0.000000e+00 299 8 197 -0.000000e+00 298 9 197 -0.000000e+00 299 9 198 1.000000e+00 
28 15 -1 4 4 0 199 7.686398e-01 3 0 199 4.368519e-02 4 1 199 1.876750e-01 4 0 198 0.000000e+00 
28 14 -1 4 8 0 199 1.107005e-01 7 0 199 1.429715e-01 8 1 199 7.463280e-01 8 0 198 0.000000e+00 
27 11 -1 4 20 0 199 3.195882e-01 21 0 199 3.041731e-01 20 1 199 3.762387e-01 20 0 198 -0.000000e+00 
26 9 -1 4 29 0 199 5.882834e-03 30 0 199 6.390171e-02 29 1 199 9.302155e-01 29 0 198 -0.000000e+00 
25 8 -1 4 34 0 199 2.289035e-01 35 0 199 5.810032e-01 34 1 199 1.900933e-01 34 0 198 -0.000000e+00 
24 7 -1 4 40 0 199 6.394911e-01 41 0 199 1.716363e-01 40 1 199 1.888727e-01 40 0 198 -0.000000e+00 
23 6 -1 4 46 1 199 6.196689e-01 46 0 199 6.789375e-02 45 1 199 3.124373e-01 46 1 198 0.000000e+00 
21 5 -1 4 54 0 199 1.722596e-01 55 0 199 4.510645e-01 54 1 199 3.766760e-01 54 0 198 -0.000000e+00 
18 4 -1 4 67 0 199 1.434665e-01 66 0 199 1.104953e-01 67 1 199 7.460382e-01 67 0 198 0.000000e+00 
17 4 -1 4 70 0 199 1.455954e-02 71 0 199 7.963033e-01 70 1 199 1.891372e-01 70 0 198 -0.000000e+00 
16 4 -1 4 74 0 199 2.477387e-01 75 0 199 7.500242e-01 74 1 199 2.237096e-03 74 0 198 -0.000000e+00 
15 4 -1 4 78 0 199 1.014005e-01 79 0 199 7.089441e-01 78 1 199 1.896555e-01 78 0 198 -0.000000e+00 
14 4 -1 4 83 1 199 3.585148e-01 83 0 199 2.522592e-01 82 1 199 3.892259e-01 83 1 198 0.000000e+00 
11 5 -1 4 95 0 199 5.732736e-01 96 0 199 5.242689e-02 95 1 199 3.742995e-01 95 0 198 -0.000000e+00 
9 6 -1 4 104 1 199 7.443893e-01 104 0 199 6.865415e-02 103 1 199 1.869566e-01 104 1 198 0.000000e+00 
8 7 -1 4 109 0 199 4.800547e-01 110 0 199 3.301292e-01 109 1 199 1.898162e-01 109 0 198 -0.000000e+00 
7 8 -1 4 115 0 199 7.327072e-01 114 0 199 7.924744e-02 115 1 199 1.880454e-01 115 0 198 0.000000e+00 
6 9 -1 4 121 1 199 3.703599e-01 121 0 199 6.751596e-02 120 1 199 5.621241e-01 121 1 198 0.000000e+00 
5 11 -1 4 129 0 199 4.250656e-01 130 0 199 1.993215e-01 129 1 199 3.756129e-01 129 0 198 -0.000000e+00 
4 14 -1 4 142 1 199 3.903019e-01 142 0 199 2.523561e-01 141 1 199 3.573420e-01 142 1 198 0.000000e+00 
4 15 -1 4 145 0 199 2.644134e-01 146 0 199 5.454432e-01 145 1 199 1.901434e-01 145 0 198 -0.000000e+00 
4 16 -1 4 149 0 199 4.969896e-01 150 0 199 5.000276e-01 149 1 199 2.982781e-03 149 0 198 -0.000000e+00 
4 17 -1 4 153 0 199 3.517786e-01 154 0 199 4.580779e-01 153 1 199 1.901435e-01 153 0 198 -0.000000e+00 
4 18 -1 4 158 1 199 1.095736e-01 158 0 199 2.523568e-01 157 1 199 6.380696e-01 158 1 198 0.000000e+00 
5 21 -1 4 170 0 199 4.250656e-01 169 0 199 1.993215e-01 170 1 199 3.756129e-01 170 0 198 0.000000e+00 
6 23 -1 4 179 1 199 4.958356e-01 179 0 199 6.751606e-02 178 1 199 4.366483e-01 179 1 198 0.000000e+00 
7 24 -1 4 184 0 199 7.327072e-01 185 0 199 7.924744e-02 184 1 199 1.880454e-01 184 0 198 -0.000000e+00 
8 25 -1 4 189 0 199 1.367981e-01 190 0 199 6.733856e-01 189 1 199 1.898163e-01 189 0 198 -0.000000e+00 
9 26 -1 4 196 1 199 1.195505e-01 196 0 199 6.865432e-02 195 1 199 8.117952e-01 196 1 198 0.000000e+00 
11 27 -1 4 204 0 199 5.732736e-01 203 0 199 5.242689e-02 204 1 199 3.742995e-01 204 0 198 0.000000e+00 
14 28 -1 4 217 1 199 1.415532e-01 217 0 199 2.522591e-01 216 1 199 6.061876e-01 217 1 198 0.000000e+00 
15 28 -1 4 220 0 199 5.157760e-01 221 0 199 2.945681e-01 220 1 199 1.896559e-01 220 0 198 -0.000000e+00 
16 28 -1 4 224 0 199 7.477457e-01 225 0 199 2.500173e-01 224 1 199 2.237093e-03 224 0 198 -0.000000e+00 
17 28 -1 4 228 0 199 6.036637e-01 229 0 199 2.071993e-01 228 1 199 1.891370e-01 228 0 198 -0.000000e+00 
18 28 -1 4 232 0 199 1.434665e-01 233 0 199 1.104953e-01 232 1 199 7.460382e-01 232 0 198 -0.000000e+00 
21 27 -1 4 244 0 199 6.741332e-02 245 0 199 5.559116e-01 244 1 199 3.766751e-01 244 0 198 -0.000000e+00 
23 26 -1 4 254 1 199 2.457780e-01 254 0 199 6.789363e-02 253 1 199 6.863284e-01 254 1 198 0.000000e+00 
24 25 -1 4 259 0 199 6.394911e-01 258 0 199 1.716363e-01 259 1 199 1.888727e-01 259 0 198 0.000000e+00 
25 24 -1 4 264 0 199 3.873907e-01 265 0 199 4.225168e-01 264 1 199 1.900925e-01 264 0 198 -0.000000e+00 
26 23 -1 4 270 0 199 5.882834e-03 269 0 199 6.390171e-02 270 1 199 9.302155e-01 270 0 198 0.000000e+00 
27 21 -1 4 279 0 199 3.195882e-01 278 0 199 3.041731e-01 279 1 199 3.762387e-01 279 0 198 0.000000e+00 
28 18 -1 4 291 0 199 1.107005e-01 292 0 199 1.429715e-01 291 1 199 7.463280e-01 291 0 198 -0.000000e+00 
28 17 -1 4 295 0 199 7.686398e-01 296 0 199 4.368519e-02 295 1 199 1.876750e-01 295 0 198 -0.000000e+00 
28 16 -1 4 299 0 198 -0.000000e+00 298 0 198 -0.000000e+00 299 1 198 -0.000000e+00 299 0 199 1.000000e+00 
28 13 -1 4 12 2 199 3.246143e-01 12 1 199 3.353091e-01 11 2 199 3.400765e-01 12 2 198 0.000000e+00 
19 4 -1 4 63 1 199 2.438120e-01 64 1 199 9.323512e-02 63 2 199 6.629528e-01 63 1 198 -0.000000e+00 
13 4 -1 4 87 2 199 7.632021e-02 87 1 199 3.351066e-01 86 2 199 5.885732e-01 87 2 198 0.000000e+00 
4 13 -1 4 138 1 199 1.766485e-01 137 1 199 1.597912e-01 138 2 199 6.635602e-01 138 1 198 0.000000e+00 
4 19 -1 4 161 1 199 1.766485e-01 162 1 199 1.597912e-01 161 2 199 6.635602e-01 161 1 198 -0.000000e+00 
13 28 -1 4 213 2 199 2.594510e-01 213 1 199 3.351063e-01 212 2 199 4.054427e-01 213 2 198 0.000000e+00 
19 28 -1 4 236 1 199 2.438120e-01 235 1 199 9.323512e-02 236 2 199 6.629528e-01 236 1 198 0.000000e+00 
28 19 -1 4 288 2 199 1.075683e-02 288 1 199 3.353074e-01 287 2 199 6.539357e-01 288 2 198 0.000000e+00 
28 12 -1 4 16 3 199 2.358690e-01 16 2 199 7.630825e-02 15 3 199 6.878227e-01 16 3 198 0.000000e+00 
27 10 -1 4 24 2 199 3.738352e-01 23 2 199 2.390721e-01 24 3 199 3.870927e-01 24 2 198 0.000000e+00 
22 5 -1 4 51 2 199 6.023449e-01 50 2 199 1.266368e-02 51 3 199 3.849914e-01 51 2 198 0.000000e+00 
20 4 -1 4 60 3 199 3.635950e-01 60 2 199 7.590572e-02 59 3 199 5.604993e-01 60 3 198 0.000000e+00 
12 4 -1 4 90 2 199 1.601904e-02 91 2 199 6.226173e-02 90 3 199 9.217192e-01 90 2 198 -0.000000e+00 
10 5 -1 4 98 2 199 9.592460e-02 99 2 199 5.161264e-01 98 3 199 3.879489e-01 98 2 198 -0.000000e+00 
5 10 -1 4 126 2 199 3.483521e-01 125 2 199 2.643987e-01 126 3 199 3.872492e-01 126 2 198 0.000000e+00 
4 12 -1 4 135 3 199 1.127755e-01 135 2 199 7.707902e-02 134 3 199 8.101454e-01 135 3 198 0.000000e+00 
4 20 -1 4 165 3 199 7.344189e-01 165 2 199 7.707871e-02 164 3 199 1.885024e-01 165 3 198 0.000000e+00 
5 22 -1 4 173 2 199 3.483521e-01 174 2 199 2.643987e-01 173 3 199 3.872492e-01 173 2 198 -0.000000e+00 
10 27 -1 4 200 2 199 1.212488e-01 201 2 199 4.908018e-01 200 3 199 3.879494e-01 200 2 198 -0.000000e+00 
12 28 -1 4 209 2 199 1.601904e-02 208 2 199 6.226173e-02 209 3 199 9.217192e-01 209 2 198 0.000000e+00 
20 28 -1 4 240 3 199 4.859251e-01 240 2 199 7.590589e-02 239 3 199 4.381690e-01 240 3 198 0.000000e+00 
22 27 -1 4 248 2 199 6.023449e-01 249 2 199 1.266368e-02 248 3 199 3.849914e-01 248 2 198 -0.000000e+00 
27 22 -1 4 275 2 199 3.738352e-01 276 2 199 2.390721e-01 275 3 199 3.870927e-01 275 2 198 -0.000000e+00 
28 20 -1 4 284 3 199 6.128537e-01 284 2 199 7.630788e-02 283 3 199 3.108384e-01 284 3 198 0.000000e+00 
26 8 -1 4 32 3 199 2.603146e-01 33 3 199 1.103307e-01 32 4 199 6.293547e-01 32 3 198 -0.000000e+00 
25 7 -1 4 37 3 199 3.445494e-01 38 3 199 3.768370e-01 37 4 199 2.786136e-01 37 3 198 -0.000000e+00 
24 6 -1 4 43 3 199 5.853321e-03 42 3 199 3.630991e-01 43 4 199 6.310475e-01 43 3 198 0.000000e+00 
8 6 -1 4 107 3 199 2.278962e-01 106 3 199 1.424448e-01 107 4 199 6.296589e-01 107 3 198 0.000000e+00 
7 7 -1 4 112 3 199 5.973545e-01 113 3 199 1.256126e-01 112 4 199 2.770330e-01 112 3 198 -0.000000e+00 
6 8 -1 4 118 4 199 2.590716e-02 118 3 199 3.688523e-01 117 4 199 6.052405e-01 118 4 198 0.000000e+00 
6 24 -1 4 182 4 199 2.427477e-01 182 3 199 3.688523e-01 181 4 199 3.884000e-01 182 4 198 0.000000e+00 
7 25 -1 4 187 3 199 5.973545e-01 186 3 199 1.256126e-01 187 4 199 2.770330e-01 187 3 198 0.000000e+00 
8 26 -1 4 192 3 199 2.278962e-01 193 3 199 1.424448e-01 192 4 199 6.296589e-01 192 3 198 -0.000000e+00 
24 26 -1 4 256 3 199 5.853321e-03 257 3 199 3.630991e-01 256 4 199 6.310475e-01 256 3 198 -0.000000e+00 
25 25 -1 4 261 3 199 9.333619e-02 262 3 199 6.280512e-01 261 4 199 2.786126e-01 261 3 198 -0.000000e+00 
26 24 -1 4 267 3 199 2.603146e-01 266 3 199 1.103307e-01 267 4 199 6.293547e-01 267 3 198 0.000000e+00 
29 15 -1 4 4 5 199 3.310259e-01 4 4 199 3.242431e-01 3 5 199 3.447310e-01 4 5 198 0.000000e+00 
28 11 -1 4 19 4 199 2.830386e-01 18 4 199 2.147963e-01 19 5 199 5.021651e-01 19 4 198 0.000000e+00 
27 9 -1 4 27 4 199 2.955608e-01 26 4 199 3.123064e-02 27 5 199 6.732085e-01 27 4 198 0.000000e+00 
23 5 -1 4 48 4 199 1.032748e-01 47 4 199 2.216870e-01 48 5 199 6.750381e-01 48 4 198 0.000000e+00 
21 4 -1 4 56 4 199 4.621630e-01 55 4 199 3.737735e-02 56 5 199 5.004596e-01 56 4 198 0.000000e+00 
17 3 -1 4 71 4 199 2.282875e-01 72 4 199 9.775906e-02 71 5 199 6.739534e-01 71 4 198 -0.000000e+00 
16 3 -1 4 75 4 199 2.454059e-01 74 4 199 2.521726e-01 75 5 199 5.024215e-01 75 4 198 0.000000e+00 
15 3 -1 4 79 5 199 8.258876e-02 79 4 199 3.240609e-01 78 5 199 5.933503e-01 79 5 198 0.000000e+00 
11 4 -1 4 94 4 199 2.982525e-02 93 4 199 4.669639e-01 94 5 199 5.032108e-01 94 4 198 0.000000e+00 
9 5 -1 4 102 4 199 4.041286e-02 101 4 199 2.841482e-01 102 5 199 6.754389e-01 102 4 198 0.000000e+00 
5 9 -1 4 123 5 199 2.094938e-01 123 4 199 3.239518e-01 122 5 199 4.665544e-01 123 5 198 0.000000e+00 
4 11 -1 4 131 4 199 2.078076e-01 130 4 199 2.895481e-01 131 5 199 5.026443e-01 131 4 198 0.000000e+00 
3 15 -1 4 146 4 199 1.703378e-01 145 4 199 1.551596e-01 146 5 199 6.745026e-01 146 4 198 0.000000e+00 
3 16 -1 4 150 5 199 7.437354e-03 150 4 199 4.967726e-01 149 5 199 4.957901e-01 150 5 198 0.000000e+00 
3 17 -1 4 153 4 199 1.703378e-01 154 4 199 1.551596e-01 153 5 199 6.745026e-01 153 4 198 -0.000000e+00 
4 21 -1 4 168 4 199 2.078076e-01 169 4 199 2.895481e-01 168 5 199 5.026443e-01 168 4 198 -0.000000e+00 
5 23 -1 4 177 5 199 1.480924e-01 177 4 199 3.239526e-01 176 5 199 5.279549e-01 177 5 198 0.000000e+00 
9 27 -1 4 197 4 199 4.041286e-02 198 4 199 2.841482e-01 197 5 199 6.754389e-01 197 4 198 -0.000000e+00 
11 28 -1 4 205 4 199 2.982525e-02 206 4 199 4.669639e-01 205 5 199 5.032108e-01 205 4 198 -0.000000e+00 
15 29 -1 4 221 5 199 2.747813e-01 221 4 199 3.240616e-01 220 5 199 4.011571e-01 221 5 198 0.000000e+00 
16 29 -1 4 224 4 199 2.454059e-01 225 4 199 2.521726e-01 224 5 199 5.024215e-01 224 4 198 -0.000000e+00 
17 29 -1 4 228 4 199 2.282875e-01 227 4 199 9.775906e-02 228 5 199 6.739534e-01 228 4 198 0.000000e+00 
21 28 -1 4 243 4 199 4.621630e-01 244 4 199 3.737735e-02 243 5 199 5.004596e-01 243 4 198 -0.000000e+00 
23 27 -1 4 251 4 199 1.032748e-01 252 4 199 2.216870e-01 251 5 199 6.750381e-01 251 4 198 -0.000000e+00 
27 23 -1 4 272 4 199 2.955608e-01 273 4 199 3.123064e-02 272 5 199 6.732085e-01 272 4 198 -0.000000e+00 
28 21 -1 4 280 4 199 2.830386e-01 281 4 199 2.147963e-01 280 5 199 5.021651e-01 280 4 198 -0.000000e+00 
29 17 -1 4 296 5 199 2.598384e-02 296 4 199 3.242428e-01 295 5 199 6.497734e-01 296 5 198 0.000000e+00 
29 16 -1 4 299 4 199 5.000000e-01 298 4 199 0.000000e+00 299 5 199 5.000000e-01 299 4 198 0.000000e+00 
29 14 -1 4 7 5 199 5.441658e-01 8 5 199 2.650347e-01 7 6 199 1.907995e-01 7 5 198 -0.000000e+00 
18 3 -1 4 67 5 199 3.210718e-01 68 5 199 4.874039e-01 67 6 199 1.915243e-01 67 5 198 -0.000000e+00 
14 3 -1 4 82 5 199 7.973393e-01 83 5 199 1.421999e-02 82 6 199 1.884407e-01 82 5 198 -0.000000e+00 
3 14 -1 4 142 5 199 5.727906e-01 143 5 199 2.365952e-01 142 6 199 1.906142e-01 142 5 198 -0.000000e+00 
3 18 -1 4 156 5 199 4.274985e-02 157 5 199 7.666354e-01 156 6 199 1.906147e-01 156 5 198 -0.000000e+00 
14 29 -1 4 217 5 199 7.973393e-01 216 5 199 1.421999e-02 217 6 199 1.884407e-01 217 5 198 0.000000e+00 
18 29 -1 4 231 5 199 2.926341e-01 232 5 199 5.158424e-01 231 6 199 1.915235e-01 231 5 198 -0.000000e+00 
29 18 -1 4 291 5 199 7.100101e-02 292 5 199 7.381991e-01 291 6 199 1.907999e-01 291 5 198 -0.000000e+00 
29 13 -1 4 10 6 199 1.670663e-01 11 6 199 7.932684e-01 10 7 199 3.966530e-02 10 6 198 -0.000000e+00 
28 10 -1 4 22 6 199 5.612152e-01 23 6 199 6.415318e-02 22 7 199 3.746317e-01 22 6 198 -0.000000e+00 
26 7 -1 4 35 6 199 3.287623e-01 34 6 199 1.284450e-01 35 7 199 5.427926e-01 35 6 198 0.000000e+00 
25 6 -1 4 40 6 199 3.334240e-01 39 6 199 1.238285e-01 40 7 199 5.427474e-01 40 6 198 0.000000e+00 
22 4 -1 4 53 6 199 3.075676e-01 52 6 199 3.157262e-01 53 7 199 3.767062e-01 53 6 198 0.000000e+00 
19 3 -1 4 63 6 199 4.115920e-03 64 6 199 9.578529e-01 63 7 199 3.803113e-02 63 6 198 -0.000000e+00 
13 3 -1 4 85 6 199 4.161037e-01 86 6 199 5.431185e-01 85 7 199 4.077779e-02 85 6 198 -0.000000e+00 
10 4 -1 4 97 6 199 4.367210e-01 96 6 199 1.874232e-01 97 7 199 3.758558e-01 97 6 198 0.000000e+00 
7 6 -1 4 110 6 199 7.483499e-02 109 6 199 3.807144e-01 110 7 199 5.444506e-01 110 6 198 0.000000e+00 
6 7 -1 4 115 6 199 7.946920e-02 114 6 199 3.760975e-01 115 7 199 5.444333e-01 115 6 198 0.000000e+00 
4 10 -1 4 127 6 199 1.838922e-01 128 6 199 4.389935e-01 127 7 199 3.771142e-01 127 6 198 -0.000000e+00 
3 13 -1 4 138 6 199 2.520480e-01 139 6 199 7.077171e-01 138 7 199 4.023486e-02 138 6 198 -0.000000e+00 
3 19 -1 4 160 6 199 6.668117e-01 161 6 199 2.929534e-01 160 7 199 4.023482e-02 160 6 198 -0.000000e+00 
4 22 -1 4 171 6 199 5.559416e-02 172 6 199 5.672917e-01 171 7 199 3.771141e-01 171 6 198 -0.000000e+00 
6 25 -1 4 184 6 199 7.946920e-02 185 6 199 3.760975e-01 184 7 199 5.444333e-01 184 6 198 -0.000000e+00 
7 26 -1 4 189 6 199 7.483499e-02 190 6 199 3.807144e-01 189 7 199 5.444506e-01 189 6 198 -0.000000e+00 
10 28 -1 4 202 6 199 4.367210e-01 203 6 199 1.874232e-01 202 7 199 3.758558e-01 202 6 198 -0.000000e+00 
13 29 -1 4 213 6 199 5.016609e-01 214 6 199 4.575611e-01 213 7 199 4.077801e-02 213 6 198 -0.000000e+00 
19 29 -1 4 235 6 199 9.191881e-01 236 6 199 4.278093e-02 235 7 199 3.803094e-02 235 6 198 -0.000000e+00 
22 28 -1 4 246 6 199 3.075676e-01 247 6 199 3.157262e-01 246 7 199 3.767062e-01 246 6 198 -0.000000e+00 
25 26 -1 4 259 6 199 3.334240e-01 260 6 199 1.238285e-01 259 7 199 5.427474e-01 259 6 198 -0.000000e+00 
26 25 -1 4 264 6 199 3.287623e-01 265 6 199 1.284450e-01 264 7 199 5.427926e-01 264 6 198 -0.000000e+00 
28 22 -1 4 277 6 199 5.612152e-01 276 6 199 6.415318e-02 277 7 199 3.746317e-01 277 6 198 0.000000e+00 
29 19 -1 4 288 6 199 7.529419e-01 289 6 199 2.073927e-01 288 7 199 3.966535e-02 288 6 198 -0.000000e+00 
29 12 -1 4 14 7 199 5.857072e-01 15 7 199 2.054750e-01 14 8 199 2.088178e-01 14 7 198 -0.000000e+00 
27 8 -1 4 30 7 199 7.148872e-01 29 7 199 7.753160e-02 30 8 199 2.075812e-01 30 7 198 0.000000e+00 
24 5 -1 4 45 7 199 6.181190e-01 44 7 199 1.733323e-01 45 8 199 2.085487e-01 45 7 198 0.000000e+00 
20 3 -1 4 60 7 199 2.429229e-01 61 7 199 5.471088e-01 60 8 199 2.099683e-01 60 7 198 -0.000000e+00 
12 3 -1 4 89 7 199 7.474086e-01 88 7 199 4.539021e-02 89 8 199 2.072012e-01 89 7 198 0.000000e+00 
8 5 -1 4 104 7 199 1.153652e-01 105 7 199 6.750422e-01 104 8 199 2.095926e-01 104 7 198 -0.000000e+00 
5 8 -1 4 119 7 199 2.108360e-01 120 7 199 5.792483e-01 119 8 199 2.099157e-01 119 7 198 -0.000000e+00 
3 12 -1 4 135 7 199 4.943175e-01 136 7 199 2.962536e-01 135 8 199 2.094289e-01 135 7 198 -0.000000e+00 
3 20 -1 4 163 7 199 8.339150e-02 164 7 199 7.071798e-01 163 8 199 2.094287e-01 163 7 198 -0.000000e+00 
5 24 -1 4 179 7 199 3.658916e-01 180 7 199 4.241926e-01 179 8 199 2.099159e-01 179 7 198 -0.000000e+00 
8 27 -1 4 194 7 199 4.620132e-01 195 7 199 3.283940e-01 194 8 199 2.095928e-01 194 7 198 -0.000000e+00 
12 29 -1 4 210 7 199 7.474086e-01 211 7 199 4.539021e-02 210 8 199 2.072012e-01 210 7 198 -0.000000e+00 
20 29 -1 4 238 7 199 3.336988e-01 239 7 199 4.563334e-01 238 8 199 2.099678e-01 238 7 198 -0.000000e+00 
24 27 -1 4 254 7 199 6.181190e-01 255 7 199 1.733323e-01 254 8 199 2.085487e-01 254 7 198 -0.000000e+00 
27 24 -1 4 269 7 199 7.148872e-01 270 7 199 7.753160e-02 269 8 199 2.075812e-01 269 7 198 -0.000000e+00 
29 20 -1 4 285 7 199 5.857072e-01 284 7 199 2.054750e-01 285 8 199 2.088178e-01 285 7 198 0.000000e+00 
29 11 -1 4 18 9 199 1.566878e-01 18 8 199 3.188018e-01 17 9 199 5.245104e-01 18 9 198 0.000000e+00 
28 9 -1 4 25 8 199 3.517037e-01 26 8 199 1.307401e-01 25 9 199 5.175562e-01 25 8 198 -0.000000e+00 
23 4 -1 4 50 8 199 9.791584e-02 49 8 199 3.828360e-01 50 9 199 5.192482e-01 50 8 198 0.000000e+00 
21 3 -1 4 57 8 199 3.925159e-02 58 8 199 2.802275e-01 57 9 199 6.805209e-01 57 8 198 -0.000000e+00 
11 3 -1 4 92 8 199 9.458313e-02 93 8 199 2.252728e-01 92 9 199 6.801441e-01 92 8 198 -0.000000e+00 
9 4 -1 4 100 8 199 3.611811e-01 99 8 199 1.213585e-01 100 9 199 5.174604e-01 100 8 198 0.000000e+00 
4 9 -1 4 124 8 199 1.073281e-01 125 8 199 3.734544e-01 124 9 199 5.192175e-01 124 8 198 -0.000000e+00 
3 11 -1 4 132 8 199 2.944086e-01 133 8 199 2.747800e-02 132 9 199 6.781134e-01 132 8 198 -0.000000e+00 
3 21 -1 4 167 8 199 2.944086e-01 166 8 199 2.747800e-02 167 9 199 6.781134e-01 167 8 198 0.000000e+00 
4 23 -1 4 175 8 199 1.073281e-01 174 8 199 3.734544e-01 175 9 199 5.192175e-01 175 8 198 0.000000e+00 
9 28 -1 4 199 8 199 3.611811e-01 200 8 199 1.213585e-01 199 9 199 5.174604e-01 199 8 198 -0.000000e+00 
11 29 -1 4 207 8 199 9.458313e-02 206 8 199 2.252728e-01 207 9 199 6.801441e-01 207 8 198 0.000000e+00 
21 29 -1 4 242 8 199 3.925159e-02 241 8 199 2.802275e-01 242 9 199 6.805209e-01 242 8 198 0.000000e+00 
23 28 -1 4 249 8 199 9.791584e-02 250 8 199 3.828360e-01 249 9 199 5.192482e-01 249 8 198 -0.000000e+00 
28 23 -1 4 274 8 199 3.517037e-01 273 8 199 1.307401e-01 274 9 199 5.175562e-01 274 8 198 0.000000e+00 
29 21 -1 4 282 9 199 2.107664e-01 282 8 199 3.188032e-01 281 9 199 4.704304e-01 282 9 198 0.000000e+00 
30 16 -1 4 299 9 198 -0.000000e+00 299 8 198 -0.000000e+00 298 9 198 -0.000000e+00 299 9 199 1.000000e+00 
