curve
2D
173
112 100 1 0 0 1.000000e+00 
113 100 2 0 4 5.000000e-01 0 5 5.000000e-01 
114 100 1 0 9 1.000000e+00 
113 98 3 7 5 7.381991e-01 8 5 7.100101e-02 8 6 1.907999e-01 
102 87 3 67 5 5.158424e-01 68 5 2.926341e-01 68 6 1.915235e-01 
98 87 3 82 5 8.115594e-01 82 6 1.744576e-01 83 6 1.398300e-02 
87 98 3 142 5 7.666354e-01 143 5 4.274985e-02 143 6 1.906147e-01 
87 102 3 156 5 2.365952e-01 157 5 5.727906e-01 157 6 1.906142e-01 
98 113 3 216 5 1.421999e-02 217 5 7.973393e-01 217 6 1.884407e-01 
102 113 3 231 5 4.874039e-01 232 5 3.210718e-01 232 6 1.915243e-01 
113 102 3 291 5 2.650347e-01 292 5 5.441658e-01 292 6 1.907995e-01 
113 97 3 10 6 2.073927e-01 11 6 7.529419e-01 11 7 3.966535e-02 
112 94 3 22 6 6.253680e-01 22 7 3.115305e-01 23 7 6.310144e-02 
110 91 3 34 6 1.284450e-01 35 6 3.287623e-01 35 7 5.427926e-01 
109 90 3 39 6 1.238285e-01 40 6 3.334240e-01 40 7 5.427474e-01 
106 88 3 52 6 3.157262e-01 53 6 3.075676e-01 53 7 3.767062e-01 
103 87 3 63 6 4.278093e-02 64 6 9.191881e-01 64 7 3.803094e-02 
97 87 3 85 6 4.575611e-01 86 6 5.016609e-01 86 7 4.077801e-02 
94 88 3 96 6 1.874232e-01 97 6 4.367210e-01 97 7 3.758558e-01 
91 90 3 109 6 3.807144e-01 110 6 7.483499e-02 110 7 5.444506e-01 
90 91 3 114 6 3.760975e-01 115 6 7.946920e-02 115 7 5.444333e-01 
88 94 3 127 6 5.672917e-01 128 6 5.559416e-02 128 7 3.771141e-01 
87 97 3 138 6 2.929534e-01 139 6 6.668117e-01 139 7 4.023482e-02 
87 103 3 160 6 7.077171e-01 161 6 2.520480e-01 161 7 4.023486e-02 
88 106 3 171 6 4.389935e-01 172 6 1.838922e-01 172 7 3.771142e-01 
90 109 3 184 6 4.555662e-01 184 7 1.745008e-01 185 7 3.699330e-01 
91 110 3 189 6 4.555514e-01 189 7 1.699751e-01 190 7 3.744734e-01 
94 112 3 202 6 6.241437e-01 202 7 1.915051e-01 203 7 1.843512e-01 
97 113 3 213 6 5.431185e-01 214 6 4.161037e-01 214 7 4.077779e-02 
103 113 3 235 6 9.578529e-01 236 6 4.115920e-03 236 7 3.803113e-02 
106 112 3 246 6 6.232937e-01 246 7 6.615594e-02 247 7 3.105503e-01 
109 110 3 259 6 4.572526e-01 259 7 4.209486e-01 260 7 1.217988e-01 
110 109 3 264 6 4.572074e-01 264 7 4.164532e-01 265 7 1.263394e-01 
112 106 3 276 6 6.415318e-02 277 6 5.612152e-01 277 7 3.746317e-01 
113 103 3 288 6 7.932684e-01 289 6 1.670663e-01 289 7 3.966530e-02 
113 96 3 14 7 7.911822e-01 14 8 6.656881e-03 15 8 2.021609e-01 
111 92 3 29 7 7.753160e-02 30 7 7.148872e-01 30 8 2.075812e-01 
108 89 3 44 7 1.733323e-01 45 7 6.181190e-01 45 8 2.085487e-01 
104 87 3 60 7 4.563334e-01 61 7 3.336988e-01 61 8 2.099678e-01 
96 87 3 88 7 4.539021e-02 89 7 7.474086e-01 89 8 2.072012e-01 
92 89 3 104 7 3.283940e-01 105 7 4.620132e-01 105 8 2.095928e-01 
89 92 3 119 7 4.241926e-01 120 7 3.658916e-01 120 8 2.099159e-01 
87 96 3 135 7 7.071798e-01 136 7 8.339150e-02 136 8 2.094287e-01 
87 104 3 163 7 2.962536e-01 164 7 4.943175e-01 164 8 2.094289e-01 
89 108 3 179 7 5.792483e-01 180 7 2.108360e-01 180 8 2.099157e-01 
92 111 3 194 7 6.750422e-01 195 7 1.153652e-01 195 8 2.095926e-01 
96 113 3 210 7 7.927988e-01 210 8 1.625431e-01 211 8 4.465809e-02 
104 113 3 238 7 5.471088e-01 239 7 2.429229e-01 239 8 2.099683e-01 
108 111 3 254 7 7.914511e-01 254 8 3.801190e-02 255 8 1.705370e-01 
111 108 3 269 7 7.924189e-01 269 8 1.313001e-01 270 8 7.628103e-02 
113 104 3 284 7 2.054750e-01 285 7 5.857072e-01 285 8 2.088178e-01 
113 95 3 17 8 3.188032e-01 17 9 2.107664e-01 18 9 4.704304e-01 
112 93 3 25 8 4.824441e-01 25 9 3.888906e-01 26 9 1.286653e-01 
107 88 3 49 8 3.828360e-01 50 8 9.791584e-02 50 9 5.192482e-01 
105 87 3 57 8 3.194798e-01 57 9 4.047411e-01 58 9 2.757791e-01 
95 87 3 92 8 3.198561e-01 92 9 4.584465e-01 93 9 2.216974e-01 
93 88 3 99 8 1.213585e-01 100 8 3.611811e-01 100 9 5.174604e-01 
88 93 3 124 8 4.807827e-01 124 9 1.516912e-01 125 9 3.675261e-01 
87 95 3 132 8 3.218866e-01 132 9 6.510716e-01 133 9 2.704184e-02 
87 105 3 166 8 2.747800e-02 167 8 2.944086e-01 167 9 6.781134e-01 
88 107 3 174 8 3.734544e-01 175 8 1.073281e-01 175 9 5.192175e-01 
93 112 3 199 8 4.825398e-01 199 9 3.980281e-01 200 9 1.194320e-01 
95 113 3 206 8 2.252728e-01 207 8 9.458313e-02 207 9 6.801441e-01 
105 113 3 241 8 2.802275e-01 242 8 3.925159e-02 242 9 6.805209e-01 
107 112 3 249 8 4.807505e-01 249 9 1.424912e-01 250 9 3.767583e-01 
112 107 3 273 8 1.307401e-01 274 8 3.517037e-01 274 9 5.175562e-01 
113 105 3 281 8 3.188018e-01 281 9 1.566878e-01 282 9 5.245104e-01 
112 99 3 3 0 4.368519e-02 4 0 7.686398e-01 4 1 1.876750e-01 
112 98 3 7 0 1.429715e-01 8 0 1.107005e-01 8 1 7.463280e-01 
111 95 3 20 0 6.237620e-01 20 1 7.759480e-02 21 1 2.986432e-01 
110 93 3 29 0 6.978471e-02 29 1 8.674753e-01 30 1 6.273994e-02 
109 92 3 34 0 4.225168e-01 35 0 3.873907e-01 35 1 1.900925e-01 
108 91 3 40 0 8.111276e-01 40 1 2.035690e-02 41 1 1.685156e-01 
107 90 3 45 0 6.789363e-02 45 1 2.457780e-01 46 1 6.863284e-01 
105 89 3 54 0 5.559116e-01 55 0 6.741332e-02 55 1 3.766751e-01 
102 88 3 66 0 1.104953e-01 67 0 1.434665e-01 67 1 7.460382e-01 
101 88 3 70 0 2.071993e-01 71 0 6.036637e-01 71 1 1.891370e-01 
100 88 3 74 0 2.500173e-01 75 0 7.477457e-01 75 1 2.237093e-03 
99 88 3 78 0 2.945681e-01 79 0 5.157760e-01 79 1 1.896559e-01 
98 88 3 82 0 2.522591e-01 82 1 1.415532e-01 83 1 6.061876e-01 
95 89 3 95 0 6.257005e-01 95 1 3.228258e-01 96 1 5.147375e-02 
93 90 3 103 0 6.865432e-02 103 1 1.195505e-01 104 1 8.117952e-01 
92 91 3 109 0 6.733856e-01 110 0 1.367981e-01 110 1 1.898163e-01 
91 92 3 114 0 7.924744e-02 115 0 7.327072e-01 115 1 1.880454e-01 
90 93 3 120 0 6.751606e-02 120 1 4.958356e-01 121 1 4.366483e-01 
89 95 3 129 0 6.243878e-01 129 1 1.799155e-01 130 1 1.956968e-01 
88 98 3 141 0 2.523568e-01 141 1 1.095736e-01 142 1 6.380696e-01 
88 99 3 145 0 4.580779e-01 146 0 3.517786e-01 146 1 1.901435e-01 
88 100 3 149 0 5.000276e-01 150 0 4.969896e-01 150 1 2.982781e-03 
88 101 3 153 0 5.454432e-01 154 0 2.644134e-01 154 1 1.901434e-01 
88 102 3 157 0 2.523561e-01 157 1 3.903019e-01 158 1 3.573420e-01 
89 105 3 169 0 1.993215e-01 170 0 4.250656e-01 170 1 3.756129e-01 
90 107 3 178 0 6.751596e-02 178 1 3.703599e-01 179 1 5.621241e-01 
91 108 3 184 0 8.119547e-01 184 1 1.102387e-01 185 1 7.780659e-02 
92 109 3 189 0 3.301292e-01 190 0 4.800547e-01 190 1 1.898162e-01 
93 110 3 195 0 6.865415e-02 195 1 7.443893e-01 196 1 1.869566e-01 
95 111 3 203 0 5.242689e-02 204 0 5.732736e-01 204 1 3.742995e-01 
98 112 3 216 0 2.522592e-01 216 1 3.585148e-01 217 1 3.892259e-01 
99 112 3 220 0 7.089441e-01 221 0 1.014005e-01 221 1 1.896555e-01 
100 112 3 224 0 7.500242e-01 225 0 2.477387e-01 225 1 2.237096e-03 
101 112 3 228 0 7.963033e-01 229 0 1.455954e-02 229 1 1.891372e-01 
102 112 3 232 0 2.539621e-01 232 1 6.375515e-01 233 1 1.084864e-01 
105 111 3 244 0 4.510645e-01 245 0 1.722596e-01 245 1 3.766760e-01 
107 110 3 253 0 6.789375e-02 253 1 6.196689e-01 254 1 3.124373e-01 
108 109 3 258 0 1.716363e-01 259 0 6.394911e-01 259 1 1.888727e-01 
109 108 3 264 0 5.810032e-01 265 0 2.289035e-01 265 1 1.900933e-01 
110 107 3 269 0 6.390171e-02 270 0 5.882834e-03 270 1 9.302155e-01 
111 105 3 278 0 3.041731e-01 279 0 3.195882e-01 279 1 3.762387e-01 
112 102 3 291 0 2.536722e-01 291 1 6.059559e-01 292 1 1.403719e-01 
112 101 3 295 0 8.123249e-01 295 1 1.447842e-01 296 1 4.289093e-02 
112 97 3 11 1 3.353074e-01 11 2 1.075683e-02 12 2 6.539357e-01 
103 88 3 63 1 3.370472e-01 63 2 5.713825e-01 64 2 9.157022e-02 
97 88 3 86 1 3.351063e-01 86 2 2.594510e-01 87 2 4.054427e-01 
88 97 3 137 1 1.597912e-01 138 1 1.766485e-01 138 2 6.635602e-01 
88 103 3 161 1 3.364395e-01 161 2 5.066226e-01 162 2 1.569378e-01 
97 112 3 212 1 3.351066e-01 212 2 7.632021e-02 213 2 5.885732e-01 
103 112 3 235 1 9.323512e-02 236 1 2.438120e-01 236 2 6.629528e-01 
112 103 3 287 1 3.353091e-01 287 2 3.246143e-01 288 2 3.400765e-01 
112 96 3 15 2 7.630788e-02 15 3 6.128537e-01 16 3 3.108384e-01 
111 94 3 23 2 2.390721e-01 24 2 3.738352e-01 24 3 3.870927e-01 
106 89 3 50 2 1.266368e-02 51 2 6.023449e-01 51 3 3.849914e-01 
104 88 3 59 2 7.590589e-02 59 3 4.859251e-01 60 3 4.381690e-01 
96 88 3 90 2 7.828057e-02 90 3 8.605501e-01 91 3 6.116937e-02 
94 89 3 98 2 4.908018e-01 99 2 1.212488e-01 99 3 3.879494e-01 
89 94 3 125 2 2.643987e-01 126 2 3.483521e-01 126 3 3.872492e-01 
88 96 3 134 2 7.707871e-02 134 3 7.344189e-01 135 3 1.885024e-01 
88 104 3 164 2 7.707902e-02 164 3 1.127755e-01 165 3 8.101454e-01 
89 106 3 173 2 6.127508e-01 173 3 1.274887e-01 174 3 2.597605e-01 
94 111 3 200 2 5.161264e-01 201 2 9.592460e-02 201 3 3.879489e-01 
96 112 3 208 2 6.226173e-02 209 2 1.601904e-02 209 3 9.217192e-01 
104 112 3 239 2 7.590572e-02 239 3 3.635950e-01 240 3 5.604993e-01 
106 111 3 248 2 6.150086e-01 248 3 3.725499e-01 249 3 1.244150e-02 
111 106 3 275 2 6.129073e-01 275 3 1.522148e-01 276 3 2.348778e-01 
112 104 3 283 2 7.630825e-02 283 3 2.358690e-01 284 3 6.878227e-01 
110 92 3 32 3 3.706455e-01 32 4 5.209261e-01 33 4 1.084284e-01 
109 91 3 37 3 6.280512e-01 38 3 9.333619e-02 38 4 2.786126e-01 
108 90 3 42 3 3.630991e-01 43 3 5.853321e-03 43 4 6.310475e-01 
92 90 3 106 3 1.424448e-01 107 3 2.278962e-01 107 4 6.296589e-01 
91 91 3 112 3 7.229676e-01 112 4 1.535857e-01 113 4 1.234467e-01 
90 92 3 117 3 3.688523e-01 117 4 2.427477e-01 118 4 3.884000e-01 
90 108 3 181 3 3.688523e-01 181 4 2.590716e-02 182 4 6.052405e-01 
91 109 3 186 3 1.256126e-01 187 3 5.973545e-01 187 4 2.770330e-01 
92 110 3 192 3 3.703411e-01 192 4 4.896700e-01 193 4 1.399889e-01 
108 110 3 256 3 3.689531e-01 256 4 2.742085e-01 257 4 3.568384e-01 
109 109 3 261 3 3.768370e-01 262 3 3.445494e-01 262 4 2.786136e-01 
110 108 3 266 3 1.103307e-01 267 3 2.603146e-01 267 4 6.293547e-01 
113 99 3 3 4 3.242428e-01 3 5 2.598384e-02 4 5 6.497734e-01 
112 95 3 18 4 2.147963e-01 19 4 2.830386e-01 19 5 5.021651e-01 
111 93 3 26 4 3.123064e-02 27 4 2.955608e-01 27 5 6.732085e-01 
107 89 3 47 4 2.216870e-01 48 4 1.032748e-01 48 5 6.750381e-01 
105 88 3 55 4 3.737735e-02 56 4 4.621630e-01 56 5 5.004596e-01 
101 87 3 71 4 3.260465e-01 71 5 5.778514e-01 72 5 9.610211e-02 
100 87 3 74 4 2.521726e-01 75 4 2.454059e-01 75 5 5.024215e-01 
99 87 3 78 4 3.240616e-01 78 5 2.747813e-01 79 5 4.011571e-01 
95 88 3 93 4 4.669639e-01 94 4 2.982525e-02 94 5 5.032108e-01 
93 89 3 101 4 2.841482e-01 102 4 4.041286e-02 102 5 6.754389e-01 
89 93 3 122 4 3.239526e-01 122 5 1.480924e-01 123 5 5.279549e-01 
88 95 3 130 4 2.895481e-01 131 4 2.078076e-01 131 5 5.026443e-01 
87 99 3 145 4 1.551596e-01 146 4 1.703378e-01 146 5 6.745026e-01 
87 100 3 149 4 4.967726e-01 149 5 7.437354e-03 150 5 4.957901e-01 
87 101 3 153 4 3.254975e-01 153 5 5.219727e-01 154 5 1.525297e-01 
88 105 3 168 4 4.973563e-01 168 5 2.180031e-01 169 5 2.846406e-01 
89 107 3 176 4 3.239518e-01 176 5 2.094938e-01 177 5 4.665544e-01 
93 111 3 197 4 3.245613e-01 197 5 3.961066e-01 198 5 2.793321e-01 
95 112 3 205 4 4.967891e-01 205 5 4.416276e-02 206 5 4.590481e-01 
99 113 3 220 4 3.240609e-01 220 5 8.258876e-02 221 5 5.933503e-01 
100 113 3 224 4 4.975782e-01 224 5 2.545233e-01 225 5 2.478985e-01 
101 113 3 227 4 9.775906e-02 228 4 2.282875e-01 228 5 6.739534e-01 
105 112 3 243 4 4.995404e-01 243 5 4.637157e-01 244 5 3.674383e-02 
107 111 3 251 4 3.249612e-01 251 5 4.571095e-01 252 5 2.179292e-01 
111 107 3 272 4 3.267914e-01 272 5 6.425072e-01 273 5 3.070138e-02 
112 105 3 280 4 4.978350e-01 280 5 2.910092e-01 281 5 2.111558e-01 
113 101 3 295 4 3.242431e-01 295 5 3.310259e-01 296 5 3.447310e-01 
