main
2D
1256
-2 -2 3 111 100 4.393444e-01 112 100 7.503462e-02 112 101 4.856210e-01 
-1 -2 3 111 100 4.418945e-01 112 100 3.152950e-01 112 101 2.428105e-01 
0 -2 2 111 100 4.444447e-01 112 100 5.555553e-01 
1 -2 3 111 99 2.428105e-01 111 100 2.041843e-01 112 100 5.530052e-01 
2 -2 3 111 99 4.546480e-01 112 99 3.086579e-02 112 100 5.144862e-01 
3 -2 3 111 99 4.673996e-01 112 99 2.606032e-01 112 100 2.719972e-01 
4 -2 3 111 99 4.852448e-01 112 99 4.849256e-01 112 100 2.982962e-02 
5 -2 3 111 98 2.119092e-01 111 99 2.962619e-01 112 99 4.918289e-01 
6 -2 3 111 98 4.531131e-01 111 99 8.305979e-02 112 99 4.638271e-01 
7 -2 3 111 98 5.692368e-01 112 98 1.244390e-01 112 99 3.063242e-01 
8 -2 3 111 98 6.073475e-01 112 98 3.261423e-01 112 99 6.651020e-02 
9 -2 3 111 97 1.724508e-01 111 98 4.780419e-01 112 98 3.495073e-01 
10 -2 3 111 97 4.104521e-01 111 98 2.881944e-01 112 98 3.013535e-01 
11 -2 3 111 97 6.473892e-01 111 98 1.044018e-01 112 98 2.482090e-01 
12 -2 3 111 97 8.099041e-01 112 97 7.325244e-02 112 98 1.168435e-01 
13 -2 3 111 96 1.176515e-01 111 97 7.553048e-01 112 97 1.270437e-01 
14 -2 3 111 96 3.507698e-01 111 97 5.901511e-01 112 97 5.907917e-02 
15 -2 3 110 96 1.377296e-02 111 96 5.686352e-01 111 97 4.175918e-01 
16 -2 3 110 96 9.147072e-02 111 96 7.209938e-01 111 97 1.875355e-01 
17 -2 3 110 95 4.083729e-02 110 96 1.331511e-01 111 96 8.260117e-01 
18 -2 3 110 95 2.612877e-01 111 95 6.138802e-03 111 96 7.325735e-01 
19 -2 3 110 95 3.533278e-01 111 95 1.388035e-01 111 96 5.078688e-01 
20 -2 3 110 95 4.500685e-01 111 95 2.647829e-01 111 96 2.851486e-01 
21 -2 3 110 95 5.514698e-01 111 95 3.840208e-01 111 96 6.450939e-02 
22 -2 3 110 94 1.539507e-01 110 95 5.035324e-01 111 95 3.425169e-01 
23 -2 3 110 94 3.701353e-01 110 95 3.979282e-01 111 95 2.319365e-01 
24 -2 3 110 94 5.839477e-01 110 95 2.992139e-01 111 95 1.168385e-01 
25 -2 3 109 94 2.730370e-03 110 94 7.925634e-01 110 95 2.047062e-01 
26 -2 3 109 93 4.080772e-03 109 94 1.226282e-01 110 94 8.732910e-01 
27 -2 3 109 93 2.102180e-01 109 94 4.483080e-02 110 94 7.449512e-01 
28 -2 3 109 93 3.876944e-01 110 93 2.591753e-02 110 94 5.863881e-01 
29 -2 3 109 93 5.245810e-01 110 93 8.959246e-02 110 94 3.858266e-01 
30 -2 3 109 93 6.656542e-01 110 93 1.461606e-01 110 94 1.881852e-01 
31 -2 3 109 92 6.448746e-03 109 93 8.043966e-01 110 93 1.891546e-01 
32 -2 3 109 92 1.979885e-01 109 93 7.621098e-01 110 93 3.990173e-02 
33 -2 3 108 92 1.133423e-01 109 92 2.730069e-01 109 93 6.136508e-01 
34 -2 3 108 92 2.705078e-01 109 92 3.009419e-01 109 93 4.285502e-01 
35 -2 3 108 92 4.315319e-01 109 92 3.216734e-01 109 93 2.467947e-01 
36 -2 3 108 92 5.963364e-01 109 92 3.352022e-01 109 93 6.846142e-02 
37 -2 3 108 91 1.063700e-01 108 92 6.584826e-01 109 92 2.351475e-01 
38 -2 3 108 91 2.776213e-01 108 92 6.593857e-01 109 92 6.299305e-02 
39 -2 3 107 91 1.127205e-01 108 91 3.324957e-01 108 92 5.547838e-01 
40 -2 3 107 91 2.919159e-01 108 91 3.171673e-01 108 92 3.909168e-01 
41 -2 3 107 91 4.745154e-01 108 91 2.946324e-01 108 92 2.308521e-01 
42 -2 3 107 91 6.604385e-01 108 91 2.649012e-01 108 92 7.466030e-02 
43 -2 3 107 90 7.759094e-02 107 91 7.720113e-01 108 91 1.503978e-01 
44 -2 3 106 90 4.192257e-02 107 90 1.839104e-01 107 91 7.741671e-01 
45 -2 3 106 90 2.373166e-01 107 90 1.326861e-01 107 91 6.299973e-01 
46 -2 3 106 90 4.356971e-01 107 90 7.433939e-02 107 91 4.899635e-01 
47 -2 3 106 90 6.369748e-01 107 90 8.893490e-03 107 91 3.541317e-01 
48 -2 3 106 90 7.774420e-01 106 91 6.362104e-02 107 91 1.589370e-01 
49 -2 3 105 90 4.787016e-02 106 90 8.568254e-01 106 91 9.530449e-02 
50 -2 3 105 89 2.757740e-02 105 90 2.297297e-01 106 90 7.426929e-01 
51 -2 3 105 89 1.460333e-01 105 90 3.232465e-01 106 90 5.307202e-01 
52 -2 3 105 89 2.600079e-01 105 90 4.236851e-01 106 90 3.163071e-01 
53 -2 3 105 89 3.694506e-01 105 90 5.310040e-01 106 90 9.954548e-02 
54 -2 3 104 89 1.194677e-01 105 89 3.548489e-01 105 90 5.256834e-01 
55 -2 3 104 89 3.406363e-01 105 89 2.339182e-01 105 90 4.254456e-01 
56 -2 3 104 89 5.638628e-01 105 89 1.062622e-01 105 90 3.298750e-01 
57 -2 3 104 89 7.609835e-01 104 90 2.806377e-02 105 90 2.109528e-01 
58 -2 3 103 89 1.609135e-02 104 89 8.309994e-01 104 90 1.529093e-01 
59 -2 3 103 89 2.448957e-01 104 89 6.835110e-01 104 90 7.159328e-02 
60 -2 3 103 88 4.897118e-03 103 89 4.704602e-01 104 89 5.246427e-01 
61 -2 3 103 88 7.652950e-02 103 89 6.308455e-01 104 89 2.926250e-01 
62 -2 3 103 88 1.432695e-01 103 89 7.975774e-01 104 89 5.915308e-02 
63 -2 3 102 88 1.756701e-01 103 88 2.941847e-02 103 89 7.949114e-01 
64 -2 3 102 88 2.619629e-01 102 89 1.497774e-01 103 89 5.882597e-01 
65 -2 3 102 88 3.138609e-01 102 89 3.350921e-01 103 89 3.510470e-01 
66 -2 3 102 88 3.607635e-01 102 89 5.264399e-01 103 89 1.127965e-01 
67 -2 3 101 88 1.263877e-01 102 88 2.762641e-01 102 89 5.973482e-01 
68 -2 3 101 88 3.663992e-01 102 88 7.310259e-02 102 89 5.604982e-01 
69 -2 3 101 88 4.713020e-01 101 89 1.358294e-01 102 89 3.928685e-01 
70 -2 3 101 88 4.980373e-01 101 89 3.504422e-01 102 89 1.515205e-01 
71 -2 3 100 88 9.033561e-02 101 88 4.293587e-01 101 89 4.803057e-01 
72 -2 3 100 88 3.325934e-01 101 88 2.036719e-01 101 89 4.637346e-01 
73 -2 3 100 88 5.477438e-01 100 89 2.740219e-02 101 89 4.248540e-01 
74 -2 3 100 88 5.541201e-01 100 89 2.637662e-01 101 89 1.821138e-01 
75 -2 3 99 88 6.070682e-02 100 88 4.946883e-01 100 89 4.446049e-01 
76 -2 3 99 88 3.035006e-01 100 88 2.480674e-01 100 89 4.484320e-01 
77 -2 3 99 88 5.426426e-01 99 89 3.517866e-03 100 89 4.538395e-01 
78 -2 3 99 88 5.286160e-01 99 89 2.599631e-01 100 89 2.114210e-01 
79 -2 3 98 88 3.064930e-02 99 88 4.788531e-01 99 89 4.904976e-01 
80 -2 3 98 88 2.722647e-01 99 88 2.130401e-01 99 89 5.146952e-01 
81 -2 3 98 88 4.560347e-01 98 89 5.728340e-02 99 89 4.866819e-01 
82 -2 3 98 88 4.217062e-01 98 89 3.319970e-01 99 89 2.462968e-01 
83 -2 3 98 88 3.823357e-01 98 89 6.109786e-01 99 89 6.685734e-03 
84 -2 3 97 88 2.320449e-01 98 88 1.058924e-01 98 89 6.620626e-01 
85 -2 3 97 88 2.885351e-01 97 89 1.812546e-01 98 89 5.302103e-01 
86 -2 3 97 88 2.341471e-01 97 89 4.722974e-01 98 89 2.935555e-01 
87 -2 3 97 88 1.747961e-01 97 89 7.671077e-01 98 89 5.809617e-02 
88 -2 3 96 88 1.105137e-01 96 89 6.555080e-02 97 89 8.239355e-01 
89 -2 3 96 88 4.132080e-02 96 89 3.675010e-01 97 89 5.911782e-01 
90 -2 3 96 89 6.400743e-01 97 89 3.271823e-01 97 90 3.274345e-02 
91 -2 3 96 89 8.697190e-01 97 89 1.862860e-02 97 90 1.116524e-01 
92 -2 3 95 89 9.765625e-02 96 89 7.069750e-01 96 90 1.953688e-01 
93 -2 3 95 89 3.237829e-01 96 89 3.923626e-01 96 90 2.838545e-01 
94 -2 3 95 89 5.480018e-01 96 89 7.492495e-02 96 90 3.770733e-01 
95 -2 3 95 89 5.250158e-01 95 90 2.451949e-01 96 90 2.297893e-01 
96 -2 3 95 89 4.224577e-01 95 90 5.678573e-01 96 90 9.685040e-03 
97 -2 3 94 89 2.082143e-01 95 89 1.070819e-01 95 90 6.847038e-01 
98 -2 3 94 89 2.035818e-01 94 90 2.202325e-01 95 90 5.761857e-01 
99 -2 3 94 89 8.736229e-02 94 90 5.496550e-01 95 90 3.629827e-01 
100 -2 3 94 90 8.477330e-01 95 90 1.189561e-01 95 91 3.331089e-02 
101 -2 3 93 90 5.586767e-02 94 90 7.857432e-01 94 91 1.583891e-01 
102 -2 3 93 90 2.613273e-01 94 90 4.508624e-01 94 91 2.878103e-01 
103 -2 3 93 90 4.640212e-01 94 90 1.144605e-01 94 91 4.215183e-01 
104 -2 3 93 90 4.405403e-01 93 91 2.233205e-01 94 91 3.361392e-01 
105 -2 3 93 90 2.984333e-01 93 91 5.623250e-01 94 91 1.392417e-01 
106 -2 3 92 90 5.462742e-02 93 90 9.759045e-02 93 91 8.477821e-01 
107 -2 3 92 90 1.962662e-03 92 91 2.434177e-01 93 91 7.546196e-01 
108 -2 3 92 91 4.329338e-01 93 91 4.147978e-01 93 92 1.522684e-01 
109 -2 3 92 91 6.172051e-01 93 91 7.238913e-02 93 92 3.104057e-01 
110 -2 3 92 91 5.276194e-01 92 92 2.704945e-01 93 92 2.018862e-01 
111 -2 3 92 91 3.618784e-01 92 92 6.136990e-01 93 92 2.442265e-02 
112 -2 3 91 91 1.495190e-01 92 91 4.292774e-02 92 92 8.075533e-01 
113 -2 3 91 91 1.939774e-02 91 92 3.004675e-01 92 92 6.801348e-01 
114 -2 3 91 92 4.865332e-01 92 92 3.562708e-01 92 93 1.571960e-01 
115 -2 3 91 92 6.494570e-01 92 92 1.329327e-02 92 93 3.372498e-01 
116 -2 3 91 92 4.793119e-01 91 93 3.292494e-01 92 93 1.914387e-01 
117 -2 3 91 92 2.925720e-01 91 93 6.712027e-01 92 93 3.622532e-02 
118 -2 3 90 92 1.026111e-01 90 93 1.241922e-02 91 93 8.849697e-01 
119 -2 3 90 93 2.622633e-01 91 93 6.472497e-01 91 94 9.048700e-02 
120 -2 3 90 93 4.054031e-01 91 93 3.079619e-01 91 94 2.866349e-01 
121 -2 3 90 93 5.142522e-01 90 94 3.013754e-02 91 94 4.556103e-01 
122 -2 3 90 93 3.122625e-01 90 94 3.668995e-01 91 94 3.208380e-01 
123 -2 3 90 93 1.074867e-01 90 94 7.021761e-01 91 94 1.903372e-01 
124 -2 3 90 94 9.000125e-01 90 95 3.581762e-02 91 95 6.416988e-02 
125 -2 3 89 94 5.760956e-02 90 94 6.323237e-01 90 95 3.100667e-01 
126 -2 3 89 94 1.749487e-01 90 94 3.023949e-01 90 95 5.226564e-01 
127 -2 3 89 94 2.623320e-01 89 95 2.546406e-02 90 95 7.122040e-01 
128 -2 3 89 94 4.499960e-02 89 95 3.510966e-01 90 95 6.039038e-01 
129 -2 3 89 95 4.998121e-01 90 95 3.256249e-01 90 96 1.745629e-01 
130 -2 3 89 95 5.988855e-01 90 95 4.860878e-03 90 96 3.962536e-01 
131 -2 3 89 95 3.800216e-01 89 96 3.132586e-01 90 96 3.067198e-01 
132 -2 3 89 95 1.543627e-01 89 96 6.285944e-01 90 96 2.170429e-01 
133 -2 3 89 96 8.678703e-01 90 96 5.899811e-02 90 97 7.313156e-02 
134 -2 3 89 96 6.976404e-01 89 97 2.503424e-01 90 97 5.201721e-02 
135 -2 3 88 96 2.326202e-02 89 96 4.435186e-01 89 97 5.332193e-01 
136 -2 3 88 96 9.367371e-02 89 96 1.407154e-01 89 97 7.656109e-01 
137 -2 2 88 97 1.591881e-01 89 97 8.408119e-01 
138 -2 3 88 97 2.197714e-01 89 97 5.456543e-01 89 98 2.345743e-01 
139 -2 3 88 97 2.754049e-01 89 97 2.536552e-01 89 98 4.709399e-01 
140 -2 3 88 97 2.915778e-01 88 98 3.447771e-02 89 98 6.739445e-01 
141 -2 3 88 97 5.308366e-02 88 98 3.186243e-01 89 98 6.282921e-01 
142 -2 3 88 98 4.123363e-01 89 98 4.013466e-01 89 99 1.863171e-01 
143 -2 3 88 98 4.479256e-01 89 98 1.255558e-01 89 99 4.265187e-01 
144 -2 3 88 98 3.325849e-01 88 99 1.458774e-01 89 99 5.215378e-01 
145 -2 3 88 98 9.110022e-02 88 99 4.128280e-01 89 99 4.960718e-01 
146 -2 3 88 99 5.243149e-01 89 99 3.248186e-01 89 100 1.508665e-01 
147 -2 3 88 99 5.396137e-01 89 99 6.717819e-02 89 100 3.932081e-01 
148 -2 3 88 99 3.641823e-01 88 100 1.856310e-01 89 100 4.501867e-01 
149 -2 3 88 99 1.214120e-01 88 100 4.335054e-01 89 100 4.450827e-01 
150 -2 3 88 100 5.549173e-01 89 100 3.236707e-01 89 101 1.214120e-01 
151 -2 3 88 100 5.498133e-01 89 100 8.600444e-02 89 101 3.641823e-01 
152 -2 3 88 100 3.932081e-01 88 101 1.464056e-01 89 101 4.603863e-01 
153 -2 3 88 100 1.508665e-01 88 101 3.734484e-01 89 101 4.756851e-01 
154 -2 3 88 101 5.039282e-01 89 101 4.049716e-01 89 102 9.110022e-02 
155 -2 3 88 101 4.784622e-01 89 101 1.889529e-01 89 102 3.325849e-01 
156 -2 3 88 101 4.265187e-01 88 102 2.140689e-02 89 102 5.520744e-01 
157 -2 3 88 101 1.863171e-01 88 102 2.260193e-01 89 102 5.876637e-01 
158 -2 3 88 102 3.717079e-01 89 102 5.752084e-01 89 103 5.308366e-02 
159 -2 3 88 102 3.260555e-01 89 102 3.823667e-01 89 103 2.915778e-01 
160 -2 3 88 102 2.754049e-01 89 102 1.955349e-01 89 103 5.290601e-01 
161 -2 3 88 102 2.197714e-01 89 102 1.480293e-02 89 103 7.654257e-01 
162 -2 2 88 103 1.591881e-01 89 103 8.408119e-01 
163 -2 3 88 103 9.367371e-02 89 103 6.719372e-01 89 104 2.343891e-01 
164 -2 3 88 103 2.326202e-02 89 103 5.099573e-01 89 104 4.667807e-01 
165 -2 3 89 103 3.023596e-01 89 104 6.456232e-01 90 104 5.201721e-02 
166 -2 3 89 103 7.313156e-02 89 104 7.947388e-01 90 104 1.321297e-01 
167 -2 3 89 104 7.829571e-01 90 104 6.268024e-02 90 105 1.543627e-01 
168 -2 3 89 104 6.199784e-01 89 105 7.330179e-02 90 105 3.067198e-01 
169 -2 3 89 104 3.962536e-01 89 105 2.026320e-01 90 105 4.011145e-01 
170 -2 3 89 104 1.745629e-01 89 105 3.252492e-01 90 105 5.001879e-01 
171 -2 3 89 105 3.960962e-01 90 105 5.589042e-01 90 106 4.499960e-02 
172 -2 3 89 105 2.877960e-01 90 105 4.498720e-01 90 106 2.623320e-01 
173 -2 3 89 105 1.749487e-01 90 105 3.477077e-01 90 106 4.773436e-01 
174 -2 3 89 105 5.760956e-02 90 105 2.524571e-01 90 106 6.899333e-01 
175 -2 3 90 105 9.998751e-02 90 106 8.358426e-01 91 106 6.416988e-02 
176 -2 3 90 106 8.096628e-01 91 106 8.285046e-02 91 107 1.074867e-01 
177 -2 3 90 106 6.791620e-01 91 106 8.575439e-03 91 107 3.122625e-01 
178 -2 3 90 106 4.857478e-01 90 107 5.864191e-02 91 107 4.556103e-01 
179 -2 3 90 106 2.866349e-01 90 107 1.187682e-01 91 107 5.945969e-01 
180 -2 3 90 106 9.048700e-02 90 107 1.717763e-01 91 107 7.377367e-01 
181 -2 3 90 107 1.150303e-01 91 107 7.823586e-01 91 108 1.026111e-01 
182 -2 3 91 107 7.074280e-01 91 108 2.563467e-01 92 108 3.622532e-02 
183 -2 3 91 107 5.206881e-01 91 108 2.878733e-01 92 108 1.914387e-01 
184 -2 3 91 107 3.372498e-01 91 108 3.122072e-01 92 108 3.505430e-01 
185 -2 3 91 107 1.571960e-01 91 108 3.293371e-01 92 108 5.134668e-01 
186 -2 3 91 108 3.198652e-01 92 108 6.607370e-01 92 109 1.939774e-02 
187 -2 3 91 108 1.495190e-01 92 108 6.580343e-01 92 109 1.924467e-01 
188 -2 3 92 108 6.381216e-01 92 109 3.374557e-01 93 109 2.442265e-02 
189 -2 3 92 108 4.723806e-01 92 109 3.257332e-01 93 109 2.018862e-01 
190 -2 3 92 108 3.104057e-01 92 109 3.067994e-01 93 109 3.827949e-01 
191 -2 3 92 108 1.522684e-01 92 109 2.806654e-01 93 109 5.670662e-01 
192 -2 3 92 109 2.453804e-01 93 109 7.526569e-01 93 110 1.962662e-03 
193 -2 3 92 109 5.462742e-02 93 109 7.931547e-01 93 110 1.522179e-01 
194 -2 3 93 109 7.015667e-01 93 110 1.591916e-01 94 110 1.392417e-01 
195 -2 3 93 109 5.594597e-01 93 110 1.044011e-01 94 110 3.361392e-01 
196 -2 3 93 109 4.215183e-01 93 110 4.250288e-02 94 110 5.359788e-01 
197 -2 3 93 109 2.613273e-01 94 109 2.648306e-02 94 110 7.121897e-01 
198 -2 3 93 109 5.586767e-02 94 109 1.025214e-01 94 110 8.416109e-01 
199 -2 3 94 109 3.331089e-02 94 110 8.144221e-01 95 110 1.522670e-01 
200 -2 3 94 110 6.370173e-01 95 110 2.756205e-01 95 111 8.736229e-02 
201 -2 3 94 110 4.238143e-01 95 110 3.726039e-01 95 111 2.035818e-01 
202 -2 3 94 110 2.082143e-01 95 110 4.764895e-01 95 111 3.152962e-01 
203 -2 3 95 110 5.775423e-01 95 111 4.127727e-01 96 111 9.685040e-03 
204 -2 3 95 110 4.749842e-01 95 111 2.952266e-01 96 111 2.297893e-01 
205 -2 3 95 110 3.770733e-01 95 111 1.709285e-01 96 111 4.519982e-01 
206 -2 3 95 110 2.838545e-01 95 111 3.992844e-02 96 111 6.762171e-01 
207 -2 3 95 110 9.765625e-02 96 110 9.771252e-02 96 111 8.046312e-01 
208 -2 3 96 110 1.116524e-01 96 111 7.580667e-01 97 111 1.302810e-01 
209 -2 3 96 110 3.274345e-02 96 111 6.073308e-01 97 111 3.599257e-01 
210 -2 3 96 111 4.088218e-01 97 111 5.498574e-01 97 112 4.132080e-02 
211 -2 3 96 111 1.760645e-01 97 111 7.134218e-01 97 112 1.105137e-01 
212 -2 3 97 111 8.252039e-01 97 112 1.166999e-01 98 112 5.809617e-02 
213 -2 3 97 111 7.064445e-01 98 111 5.940843e-02 98 112 2.341471e-01 
214 -2 3 97 111 4.697897e-01 98 111 2.416751e-01 98 112 2.885351e-01 
215 -2 3 97 111 2.320449e-01 98 111 4.300177e-01 98 112 3.379374e-01 
216 -2 3 98 111 6.176643e-01 98 112 3.756499e-01 99 112 6.685734e-03 
217 -2 3 98 111 5.782938e-01 98 112 1.754094e-01 99 112 2.462968e-01 
218 -2 3 98 111 5.133181e-01 99 111 3.064728e-02 99 112 4.560347e-01 
219 -2 3 98 111 2.722647e-01 99 111 2.424304e-01 99 112 4.853048e-01 
220 -2 3 98 111 3.064930e-02 99 111 4.598483e-01 99 112 5.095024e-01 
221 -2 3 99 111 4.713840e-01 99 112 3.171950e-01 100 112 2.114210e-01 
222 -2 3 99 111 4.573574e-01 99 112 8.880305e-02 100 112 4.538395e-01 
223 -2 3 99 111 3.035006e-01 100 111 1.449313e-01 100 112 5.515680e-01 
224 -2 3 99 111 6.070682e-02 100 111 3.838980e-01 100 112 5.553951e-01 
225 -2 3 100 111 4.458799e-01 100 112 3.720063e-01 101 112 1.821138e-01 
226 -2 3 100 111 4.522562e-01 100 112 1.228898e-01 101 112 4.248540e-01 
227 -2 3 100 111 3.325934e-01 101 111 1.311412e-01 101 112 5.362654e-01 
228 -2 3 100 111 9.033561e-02 101 111 3.899701e-01 101 112 5.196943e-01 
229 -2 3 101 111 5.019627e-01 101 112 3.465168e-01 102 112 1.515205e-01 
230 -2 3 101 111 5.286980e-01 101 112 7.843351e-02 102 112 3.928685e-01 
231 -2 3 101 111 3.663992e-01 102 111 1.940991e-01 102 112 4.395018e-01 
232 -2 3 101 111 1.263877e-01 102 111 4.709605e-01 102 112 4.026518e-01 
233 -2 3 102 111 6.392365e-01 102 112 2.479670e-01 103 112 1.127965e-01 
234 -2 3 102 111 6.489530e-01 103 111 3.718615e-02 103 112 3.138609e-01 
235 -2 3 102 111 4.117403e-01 103 111 3.262968e-01 103 112 2.619629e-01 
236 -2 3 102 111 1.756701e-01 103 111 6.192412e-01 103 112 2.050886e-01 
237 -2 3 103 111 8.567305e-01 103 112 8.411646e-02 104 112 5.915308e-02 
238 -2 3 103 111 7.073750e-01 104 111 2.160954e-01 104 112 7.652950e-02 
239 -2 3 103 111 4.753573e-01 104 111 5.197456e-01 104 112 4.897118e-03 
240 -2 3 103 110 7.159328e-02 103 111 1.733024e-01 104 111 7.551043e-01 
241 -2 3 103 110 1.609135e-02 104 110 1.368179e-01 104 111 8.470907e-01 
242 -2 3 104 110 2.390165e-01 104 111 5.500307e-01 105 111 2.109528e-01 
243 -2 3 104 110 3.298750e-01 104 111 2.339878e-01 105 111 4.361372e-01 
244 -2 3 104 110 3.406363e-01 105 110 8.480930e-02 105 111 5.745544e-01 
245 -2 3 104 110 1.194677e-01 105 110 4.062157e-01 105 111 4.743166e-01 
246 -2 3 105 110 6.305494e-01 105 111 2.699051e-01 106 111 9.954548e-02 
247 -2 3 105 110 6.836929e-01 106 110 5.629921e-02 106 111 2.600079e-01 
248 -2 3 105 110 4.692798e-01 106 110 3.846869e-01 106 111 1.460333e-01 
249 -2 3 105 110 2.573071e-01 106 110 7.151155e-01 106 111 2.757740e-02 
250 -2 3 105 109 4.787016e-02 106 109 4.743433e-02 106 110 9.046955e-01 
251 -2 3 106 109 2.225580e-01 106 110 6.185050e-01 107 110 1.589370e-01 
252 -2 3 106 109 3.541317e-01 106 110 2.828431e-01 107 110 3.630252e-01 
253 -2 3 106 109 4.356971e-01 107 109 5.426645e-02 107 110 5.100365e-01 
254 -2 3 106 109 2.373166e-01 107 109 3.926806e-01 107 110 3.700027e-01 
255 -2 3 106 109 4.192257e-02 107 109 7.322445e-01 107 110 2.258329e-01 
256 -2 3 107 109 8.496022e-01 108 109 7.280684e-02 108 110 7.759094e-02 
257 -2 3 107 108 7.466030e-02 107 109 5.857782e-01 108 109 3.395615e-01 
258 -2 3 107 108 2.308521e-01 107 109 2.436633e-01 108 109 5.254846e-01 
259 -2 3 107 108 2.919159e-01 108 108 9.900093e-02 108 109 6.090832e-01 
260 -2 3 107 108 1.127205e-01 108 108 4.420633e-01 108 109 4.452162e-01 
261 -2 3 108 108 7.223787e-01 108 109 2.146282e-01 109 109 6.299305e-02 
262 -2 3 108 108 7.648525e-01 109 108 1.287775e-01 109 109 1.063700e-01 
263 -2 3 108 107 6.846142e-02 108 108 5.278749e-01 109 108 4.036636e-01 
264 -2 3 108 107 2.467947e-01 108 108 1.847372e-01 109 108 5.684681e-01 
265 -2 3 108 107 2.705078e-01 109 107 1.580424e-01 109 108 5.714498e-01 
266 -2 3 108 107 1.133423e-01 109 107 5.003085e-01 109 108 3.863492e-01 
267 -2 3 109 107 8.020115e-01 109 108 1.580868e-01 110 108 3.990173e-02 
268 -2 3 109 107 8.108454e-01 110 107 1.827059e-01 110 108 6.448746e-03 
269 -2 3 109 106 1.881852e-01 109 107 4.774690e-01 110 107 3.343458e-01 
270 -2 3 109 106 3.858266e-01 109 107 1.387544e-01 110 107 4.754190e-01 
271 -2 3 109 106 3.876944e-01 110 106 1.986938e-01 110 107 4.136119e-01 
272 -2 3 109 106 2.550488e-01 110 106 5.347333e-01 110 107 2.102180e-01 
273 -2 3 109 106 1.267090e-01 110 106 8.692102e-01 110 107 4.080772e-03 
274 -2 3 109 105 2.730370e-03 110 105 2.019758e-01 110 106 7.952938e-01 
275 -2 3 110 105 4.160523e-01 110 106 4.671092e-01 111 106 1.168385e-01 
276 -2 3 110 105 6.298647e-01 110 106 1.381989e-01 111 106 2.319365e-01 
277 -2 3 110 105 6.574831e-01 111 105 1.885662e-01 111 106 1.539507e-01 
278 -2 3 110 104 6.450939e-02 110 105 4.869604e-01 111 105 4.485302e-01 
279 -2 3 110 104 2.851486e-01 110 105 1.649199e-01 111 105 5.499315e-01 
280 -2 3 110 104 3.533278e-01 111 104 1.545410e-01 111 105 4.921312e-01 
281 -2 3 110 104 2.612877e-01 111 104 4.712858e-01 111 105 2.674265e-01 
282 -2 3 110 104 1.739883e-01 111 104 7.851744e-01 111 105 4.083729e-02 
283 -2 3 110 103 9.147072e-02 111 103 9.606481e-02 111 104 8.124645e-01 
284 -2 3 110 103 1.377296e-02 111 103 4.038188e-01 111 104 5.824082e-01 
285 -2 3 111 103 6.492302e-01 111 104 2.916906e-01 112 104 5.907917e-02 
286 -2 3 111 103 8.729563e-01 112 103 9.392262e-03 112 104 1.176515e-01 
287 -2 3 111 102 1.168435e-01 111 103 6.930606e-01 112 103 1.900959e-01 
288 -2 3 111 102 3.526108e-01 111 103 3.991802e-01 112 103 2.482090e-01 
289 -2 3 111 102 5.895479e-01 111 103 1.090987e-01 112 103 3.013535e-01 
290 -2 3 111 102 6.504927e-01 112 102 1.770566e-01 112 103 1.724508e-01 
291 -2 3 111 101 6.651020e-02 111 102 5.408373e-01 112 102 3.926525e-01 
292 -2 3 111 101 3.063242e-01 111 102 2.629125e-01 112 102 4.307632e-01 
293 -2 3 111 101 5.361729e-01 112 101 1.071405e-02 112 102 4.531131e-01 
294 -2 3 111 101 5.081711e-01 112 101 2.799197e-01 112 102 2.119092e-01 
295 -2 3 111 100 2.982962e-02 111 101 4.554151e-01 112 101 5.147552e-01 
296 -2 3 111 100 2.719972e-01 111 101 1.954024e-01 112 101 5.326004e-01 
297 -2 3 111 100 4.546480e-01 112 100 5.983818e-02 112 101 4.855138e-01 
298 -2 3 111 100 4.469948e-01 112 100 3.101947e-01 112 101 2.428105e-01 
299 -2 2 111 100 4.444447e-01 112 100 5.555553e-01 
300 -2 3 111 99 2.428105e-01 111 100 1.990840e-01 112 100 5.581055e-01 
301 -2 3 111 99 4.393444e-01 112 99 4.627657e-02 112 100 5.143790e-01 
-2 -1 3 111 100 2.170229e-01 112 100 2.880172e-01 112 101 4.949599e-01 
-1 -1 3 111 100 2.196226e-01 112 100 5.328974e-01 112 101 2.474799e-01 
0 -1 2 111 100 2.222223e-01 112 100 7.777777e-01 
1 -1 3 111 99 2.248220e-01 112 99 2.265790e-02 112 100 7.525201e-01 
2 -1 3 111 99 2.326221e-01 112 99 2.622285e-01 112 100 5.051494e-01 
3 -1 3 111 99 2.456188e-01 112 99 4.963840e-01 112 100 2.579972e-01 
4 -1 3 111 99 2.638063e-01 112 99 7.250211e-01 112 100 1.117253e-02 
5 -1 3 111 98 2.352152e-01 111 99 5.195904e-02 112 99 7.128258e-01 
6 -1 3 111 98 3.157148e-01 112 98 1.653428e-01 112 99 5.189424e-01 
7 -1 3 111 98 3.494148e-01 112 98 3.768315e-01 112 99 2.737536e-01 
8 -1 3 111 98 3.882589e-01 112 98 5.824134e-01 112 99 2.932763e-02 
9 -1 3 111 97 2.142286e-01 111 98 2.180042e-01 112 98 5.677671e-01 
10 -1 3 111 97 4.568069e-01 111 98 2.450585e-02 112 98 5.186872e-01 
11 -1 3 111 97 5.354795e-01 112 97 1.628208e-01 112 98 3.016996e-01 
12 -1 3 111 97 5.947094e-01 112 97 3.438926e-01 112 98 6.139803e-02 
13 -1 3 111 96 1.776063e-01 111 97 4.813683e-01 112 97 3.410254e-01 
14 -1 3 111 96 4.152076e-01 111 97 3.130391e-01 112 97 2.717533e-01 
15 -1 3 111 96 6.513007e-01 111 97 1.511981e-01 112 97 1.975012e-01 
16 -1 3 111 96 8.816919e-01 112 96 4.089355e-03 112 97 1.142187e-01 
17 -1 3 111 95 1.185460e-01 111 96 8.472505e-01 112 96 3.420353e-02 
18 -1 3 110 95 5.477428e-02 111 95 2.947183e-01 111 96 6.505075e-01 
19 -1 3 110 95 1.485844e-01 111 95 4.299340e-01 111 96 4.214816e-01 
20 -1 3 110 95 2.471857e-01 111 95 5.583363e-01 111 96 1.944780e-01 
21 -1 3 110 94 3.040409e-02 110 95 3.201323e-01 111 95 6.494637e-01 
22 -1 3 110 94 2.530651e-01 110 95 2.055235e-01 111 95 5.414114e-01 
23 -1 3 110 94 4.734068e-01 110 95 9.788895e-02 111 95 4.287043e-01 
24 -1 3 110 94 6.886072e-01 111 94 2.723694e-03 111 95 3.086691e-01 
25 -1 3 110 94 8.104744e-01 111 94 9.626722e-02 111 95 9.325838e-02 
26 -1 3 110 93 1.195440e-01 110 94 8.172941e-01 111 94 6.316185e-02 
27 -1 3 109 93 6.764603e-02 110 93 2.619991e-01 110 94 6.703548e-01 
28 -1 3 109 93 2.028418e-01 110 93 3.341088e-01 110 94 4.630494e-01 
29 -1 3 109 93 3.423615e-01 110 93 3.990078e-01 110 94 2.586308e-01 
30 -1 3 109 93 4.861469e-01 110 93 4.566646e-01 110 94 5.718851e-02 
31 -1 3 109 92 1.411881e-01 109 93 4.929433e-01 110 93 3.658686e-01 
32 -1 3 109 92 3.364115e-01 109 93 4.498425e-01 110 93 2.137461e-01 
33 -1 3 109 92 5.283947e-01 109 93 4.140501e-01 110 93 5.755520e-02 
34 -1 3 108 92 1.026335e-01 109 92 6.144209e-01 109 93 2.829456e-01 
35 -1 3 108 92 2.667532e-01 109 92 6.355524e-01 109 93 9.769440e-02 
36 -1 3 108 91 8.406830e-02 108 92 3.506594e-01 109 92 5.652723e-01 
37 -1 3 108 91 2.622614e-01 108 92 3.442230e-01 109 92 3.935156e-01 
38 -1 3 108 91 4.368057e-01 108 92 3.451433e-01 109 92 2.180510e-01 
39 -1 3 108 91 6.076241e-01 108 92 3.534174e-01 109 92 3.895855e-02 
40 -1 3 107 91 1.436834e-01 108 91 6.309586e-01 108 92 2.253580e-01 
41 -1 3 107 91 3.297944e-01 108 91 6.079907e-01 108 92 6.221485e-02 
42 -1 3 107 90 9.698105e-02 107 91 4.223118e-01 108 91 4.807072e-01 
43 -1 3 107 90 2.521601e-01 107 91 4.599342e-01 108 91 2.879057e-01 
44 -1 3 107 90 4.032536e-01 107 91 5.048599e-01 108 91 9.188652e-02 
45 -1 3 106 90 1.072650e-01 107 90 4.429307e-01 107 91 4.498043e-01 
46 -1 3 106 90 3.094602e-01 107 90 3.834615e-01 107 91 3.070784e-01 
47 -1 3 106 90 5.146089e-01 107 90 3.167567e-01 107 91 1.686344e-01 
48 -1 3 106 90 7.226219e-01 107 90 2.428474e-01 107 91 3.453064e-02 
49 -1 3 106 89 9.517097e-02 106 90 8.382354e-01 107 90 6.659365e-02 
50 -1 3 105 89 1.468706e-01 106 89 7.354546e-02 106 90 7.795839e-01 
51 -1 3 105 89 3.411493e-01 105 90 2.177000e-02 106 90 6.370807e-01 
52 -1 3 105 89 4.573154e-01 105 90 1.241407e-01 106 90 4.185438e-01 
53 -1 3 105 89 5.688629e-01 105 90 2.335234e-01 106 90 1.976137e-01 
54 -1 3 104 89 2.561140e-02 105 89 6.501336e-01 105 90 3.242550e-01 
55 -1 3 104 89 2.510333e-01 105 89 5.268779e-01 105 90 2.220888e-01 
56 -1 3 104 89 4.785523e-01 105 89 3.967671e-01 105 90 1.246805e-01 
57 -1 3 104 89 7.080674e-01 105 89 2.598577e-01 105 90 3.207493e-02 
58 -1 3 104 88 5.568790e-02 104 89 8.837900e-01 105 89 6.052208e-02 
59 -1 3 103 88 1.385679e-01 103 89 3.411412e-02 104 89 8.273180e-01 
60 -1 3 103 88 2.165298e-01 103 89 1.910458e-01 104 89 5.924244e-01 
61 -1 3 103 88 2.895393e-01 103 89 3.545160e-01 104 89 3.559446e-01 
62 -1 3 103 88 3.575630e-01 103 89 5.244541e-01 104 89 1.179829e-01 
63 -1 3 102 88 1.213560e-01 103 88 2.992153e-01 103 89 5.794287e-01 
64 -1 3 102 88 3.619659e-01 103 88 1.165726e-01 103 89 5.214615e-01 
65 -1 3 102 88 5.314350e-01 102 89 7.230544e-02 103 89 3.962595e-01 
66 -1 3 102 88 5.792398e-01 102 89 2.673330e-01 103 89 1.534271e-01 
67 -1 3 101 88 9.035671e-02 102 88 5.315763e-01 102 89 3.780670e-01 
68 -1 3 101 88 3.349837e-01 102 88 3.245088e-01 102 89 3.405075e-01 
69 -1 3 101 88 5.803456e-01 102 88 1.115584e-01 102 89 3.080959e-01 
70 -1 3 101 88 7.191534e-01 101 89 1.071814e-01 102 89 1.736652e-01 
71 -1 3 100 88 7.284206e-02 101 88 6.683851e-01 101 89 2.587729e-01 
72 -1 3 100 88 3.197587e-01 101 88 4.383580e-01 101 89 2.418833e-01 
73 -1 3 100 88 5.669757e-01 101 88 2.028397e-01 101 89 2.301846e-01 
74 -1 3 100 88 7.763147e-01 100 89 3.806931e-02 101 89 1.856160e-01 
75 -1 3 99 88 6.187426e-02 100 88 7.157403e-01 100 89 2.223854e-01 
76 -1 3 99 88 3.093372e-01 100 88 4.643769e-01 100 89 2.262859e-01 
77 -1 3 99 88 5.566635e-01 100 88 2.079525e-01 100 89 2.353840e-01 
78 -1 3 99 88 7.503204e-01 99 89 5.342358e-02 100 89 1.962560e-01 
79 -1 3 98 88 5.046952e-02 99 88 6.803693e-01 99 89 2.691612e-01 
80 -1 3 98 88 2.967314e-01 99 88 4.094445e-01 99 89 2.938242e-01 
81 -1 3 98 88 5.424204e-01 99 88 1.339226e-01 99 89 3.236570e-01 
82 -1 3 98 88 6.413546e-01 98 89 1.460738e-01 99 89 2.125716e-01 
83 -1 3 97 88 3.164721e-02 98 88 5.695796e-01 98 89 3.987732e-01 
84 -1 3 97 88 2.749689e-01 98 88 2.810061e-01 98 89 4.440250e-01 
85 -1 3 97 88 5.056219e-01 97 89 1.166391e-02 98 89 4.827142e-01 
86 -1 3 97 88 4.501877e-01 97 89 3.083038e-01 98 89 2.415085e-01 
87 -1 3 97 88 3.896961e-01 97 89 6.087828e-01 98 89 1.521111e-03 
88 -1 3 96 88 2.371426e-01 97 88 8.703423e-02 97 89 6.758232e-01 
89 -1 3 96 88 2.536545e-01 96 89 2.207217e-01 97 89 5.256238e-01 
90 -1 3 96 88 1.781654e-01 96 89 5.319104e-01 97 89 2.899241e-01 
91 -1 3 96 88 9.773922e-02 96 89 8.463979e-01 97 89 5.586290e-02 
92 -1 3 95 88 1.241302e-02 95 89 1.640444e-01 96 89 8.235426e-01 
93 -1 3 95 89 4.069328e-01 96 89 5.152922e-01 96 90 7.777500e-02 
94 -1 3 95 89 6.354632e-01 96 89 1.917500e-01 96 90 1.727867e-01 
95 -1 3 95 89 7.274199e-01 95 90 1.345258e-01 96 90 1.380544e-01 
96 -1 3 94 89 8.628225e-02 95 89 5.366073e-01 95 90 3.771105e-01 
97 -1 3 94 89 3.083720e-01 95 89 2.052960e-01 95 90 4.863319e-01 
98 -1 3 94 89 3.998051e-01 94 90 1.283131e-01 95 90 4.718819e-01 
99 -1 3 94 89 2.813501e-01 94 90 4.640718e-01 95 90 2.545781e-01 
100 -1 3 94 89 1.583557e-01 94 90 8.018341e-01 95 90 3.981018e-02 
101 -1 3 93 89 3.087330e-02 93 90 1.414533e-01 94 90 8.276734e-01 
102 -1 3 93 90 3.817372e-01 94 90 5.172257e-01 94 91 1.010370e-01 
103 -1 3 93 90 5.883293e-01 94 90 1.743536e-01 94 91 2.373171e-01 
104 -1 3 93 90 6.220894e-01 93 91 1.699228e-01 94 91 2.079878e-01 
105 -1 3 93 90 4.772491e-01 93 91 5.154471e-01 94 91 7.303715e-03 
106 -1 3 92 90 1.902933e-01 93 90 1.379290e-01 93 91 6.717777e-01 
107 -1 3 92 90 1.750774e-01 92 91 2.096372e-01 93 91 6.152854e-01 
108 -1 3 92 90 1.788044e-02 92 91 5.579944e-01 93 91 4.241252e-01 
109 -1 3 92 91 7.636900e-01 93 91 9.301186e-02 93 92 1.432981e-01 
110 -1 3 92 91 6.916122e-01 92 92 2.564650e-01 93 92 5.192280e-02 
111 -1 3 91 91 1.289539e-01 92 91 3.937302e-01 92 92 4.773159e-01 
112 -1 3 91 91 3.062410e-01 92 91 4.375267e-02 92 92 6.500063e-01 
113 -1 3 91 91 1.736164e-01 91 92 3.062458e-01 92 92 5.201378e-01 
114 -1 3 91 92 6.497364e-01 92 92 3.438911e-01 92 93 6.372452e-03 
115 -1 3 91 92 8.101110e-01 91 93 5.681992e-03 92 93 1.842070e-01 
116 -1 3 91 92 6.231451e-01 91 93 3.548117e-01 92 93 2.204323e-02 
117 -1 3 90 92 1.361551e-01 91 92 2.966585e-01 91 93 5.671864e-01 
118 -1 3 90 92 2.391996e-01 90 93 5.111980e-02 91 93 7.096806e-01 
119 -1 3 90 92 4.238844e-02 90 93 3.979945e-01 91 93 5.596170e-01 
120 -1 3 90 93 5.862761e-01 91 93 2.561922e-01 91 94 1.575317e-01 
121 -1 3 90 93 6.395264e-01 90 94 8.840942e-02 91 94 2.720642e-01 
122 -1 3 90 93 4.336524e-01 90 94 4.316478e-01 91 94 1.346998e-01 
123 -1 3 90 93 2.249384e-01 90 94 7.733717e-01 91 94 1.689911e-03 
124 -1 3 89 93 1.347446e-02 89 94 1.134291e-01 90 94 8.730965e-01 
125 -1 3 89 94 2.510252e-01 90 94 5.483303e-01 90 95 2.006445e-01 
126 -1 3 89 94 3.706207e-01 90 94 2.120562e-01 90 95 4.173231e-01 
127 -1 3 89 94 3.635311e-01 89 95 1.221066e-01 90 95 5.143623e-01 
128 -1 3 89 94 1.420188e-01 89 95 4.540029e-01 90 95 4.039783e-01 
129 -1 3 89 95 7.017307e-01 90 95 2.165036e-01 90 96 8.176565e-02 
130 -1 3 89 95 6.922798e-01 89 96 1.104307e-01 90 96 1.972895e-01 
131 -1 3 89 95 4.642525e-01 89 96 4.346685e-01 90 96 1.010790e-01 
132 -1 3 89 95 2.342539e-01 89 96 7.560673e-01 90 96 9.678841e-03 
133 -1 3 88 95 2.385139e-03 88 96 7.448196e-02 89 96 9.231329e-01 
134 -1 3 88 96 1.585207e-01 89 96 6.102283e-01 89 97 2.312510e-01 
135 -1 3 88 96 2.352476e-01 89 96 2.982018e-01 89 97 4.665506e-01 
136 -1 3 88 96 2.965889e-01 88 97 1.042461e-02 89 97 6.929865e-01 
137 -1 3 88 96 5.827308e-02 88 97 3.155138e-01 89 97 6.262131e-01 
138 -1 3 88 97 4.355364e-01 89 97 3.830705e-01 89 98 1.813931e-01 
139 -1 3 88 97 4.922390e-01 89 97 8.545685e-02 89 98 4.223042e-01 
140 -1 3 88 97 3.356466e-01 88 98 2.082176e-01 89 98 4.561357e-01 
141 -1 3 88 97 9.256601e-02 88 98 4.978280e-01 89 98 4.096060e-01 
142 -1 3 88 98 6.318045e-01 89 98 2.167569e-01 89 99 1.514386e-01 
143 -1 3 88 98 6.037406e-01 88 99 6.433785e-02 89 99 3.319216e-01 
144 -1 3 88 98 3.582115e-01 88 99 3.409901e-01 89 99 3.007984e-01 
145 -1 3 88 98 1.120828e-01 88 99 6.130749e-01 89 99 2.748423e-01 
146 -1 3 88 99 7.459364e-01 89 99 1.195266e-01 89 100 1.345370e-01 
147 -1 3 88 99 6.184610e-01 88 100 1.430680e-01 89 100 2.384710e-01 
148 -1 3 88 99 3.711858e-01 88 100 4.007401e-01 89 100 2.280741e-01 
149 -1 3 88 99 1.237468e-01 88 100 6.533805e-01 89 100 2.228727e-01 
150 -1 3 88 100 7.771273e-01 89 100 9.912592e-02 89 101 1.237468e-01 
151 -1 3 88 100 6.288142e-01 88 101 1.431117e-01 89 101 2.280741e-01 
152 -1 3 88 100 3.815390e-01 88 101 3.799899e-01 89 101 2.384710e-01 
153 -1 3 88 100 1.345370e-01 88 101 6.113994e-01 89 101 2.540636e-01 
154 -1 3 88 101 7.251577e-01 89 101 1.627594e-01 89 102 1.120828e-01 
155 -1 3 88 101 6.417885e-01 88 102 5.741310e-02 89 102 3.007984e-01 
156 -1 3 88 101 3.962594e-01 88 102 2.718190e-01 89 102 3.319216e-01 
157 -1 3 88 101 1.514386e-01 88 102 4.803659e-01 89 102 3.681955e-01 
158 -1 3 88 102 5.903940e-01 89 102 3.170400e-01 89 103 9.256601e-02 
159 -1 3 88 102 5.438643e-01 89 102 1.204891e-01 89 103 3.356466e-01 
160 -1 3 88 102 4.223042e-01 88 103 6.993484e-02 89 103 5.077610e-01 
161 -1 3 88 102 1.813931e-01 88 103 2.541432e-01 89 103 5.644636e-01 
162 -1 3 88 103 3.737869e-01 89 103 5.679400e-01 89 104 5.827308e-02 
163 -1 3 88 103 3.070135e-01 89 103 3.963976e-01 89 104 2.965889e-01 
164 -1 3 88 103 2.352476e-01 89 103 2.313030e-01 89 104 5.334494e-01 
165 -1 3 88 103 1.585207e-01 89 103 7.273030e-02 89 104 7.687490e-01 
166 -1 3 88 104 7.686710e-02 89 104 9.207478e-01 89 105 2.385139e-03 
167 -1 3 89 104 7.657461e-01 89 105 2.245750e-01 90 105 9.678841e-03 
168 -1 3 89 104 5.357475e-01 89 105 3.631735e-01 90 105 1.010790e-01 
169 -1 3 89 104 3.077202e-01 89 105 4.949903e-01 90 105 1.972895e-01 
170 -1 3 89 104 8.176565e-02 89 105 6.199651e-01 90 105 2.982693e-01 
171 -1 3 89 105 5.960217e-01 90 105 2.619596e-01 90 106 1.420188e-01 
172 -1 3 89 105 4.856377e-01 90 105 1.508312e-01 90 106 3.635311e-01 
173 -1 3 89 105 3.706207e-01 90 105 4.670238e-02 90 106 5.826769e-01 
174 -1 3 89 105 2.006445e-01 89 106 5.038071e-02 90 106 7.489748e-01 
175 -1 3 89 106 1.269035e-01 90 106 8.596220e-01 90 107 1.347446e-02 
176 -1 3 90 106 7.750616e-01 90 107 2.232485e-01 91 107 1.689911e-03 
177 -1 3 90 106 5.663476e-01 90 107 2.989526e-01 91 107 1.346998e-01 
178 -1 3 90 106 3.604736e-01 90 107 3.674622e-01 91 107 2.720642e-01 
179 -1 3 90 106 1.575317e-01 90 107 4.287443e-01 91 107 4.137239e-01 
180 -1 3 90 107 4.403830e-01 91 107 5.172286e-01 91 108 4.238844e-02 
181 -1 3 90 107 2.903194e-01 91 107 4.704809e-01 91 108 2.391996e-01 
182 -1 3 90 107 1.361551e-01 91 107 4.310312e-01 91 108 4.328136e-01 
183 -1 3 91 107 3.768549e-01 91 108 6.011019e-01 92 108 2.204323e-02 
184 -1 3 91 107 1.898890e-01 91 108 6.259041e-01 92 108 1.842070e-01 
185 -1 3 91 107 6.372452e-03 91 108 6.433640e-01 92 108 3.502636e-01 
186 -1 3 91 108 4.798622e-01 92 108 3.465214e-01 92 109 1.736164e-01 
187 -1 3 91 108 3.062410e-01 92 108 3.437653e-01 92 109 3.499937e-01 
188 -1 3 91 108 1.289539e-01 92 108 3.483620e-01 92 109 5.226841e-01 
189 -1 3 92 108 3.083878e-01 92 109 6.396894e-01 93 109 5.192280e-02 
190 -1 3 92 108 1.432981e-01 92 109 6.203918e-01 93 109 2.363100e-01 
191 -1 3 92 109 5.758748e-01 93 109 4.062448e-01 93 110 1.788044e-02 
192 -1 3 92 109 3.847146e-01 93 109 4.402080e-01 93 110 1.750774e-01 
193 -1 3 92 109 1.902933e-01 93 109 4.814844e-01 93 110 3.282223e-01 
194 -1 3 93 109 5.227509e-01 93 110 4.699454e-01 94 110 7.303715e-03 
195 -1 3 93 109 3.779106e-01 93 110 4.141016e-01 94 110 2.079878e-01 
196 -1 3 93 109 2.373171e-01 93 110 3.510122e-01 94 110 4.116707e-01 
197 -1 3 93 109 1.010370e-01 93 110 2.807002e-01 94 110 6.182628e-01 
198 -1 3 93 110 1.723266e-01 94 110 7.968001e-01 94 111 3.087330e-02 
199 -1 3 94 110 8.416443e-01 94 111 1.185455e-01 95 111 3.981018e-02 
200 -1 3 94 110 7.186499e-01 94 111 2.677202e-02 95 111 2.545781e-01 
201 -1 3 94 110 5.281181e-01 95 110 7.207680e-02 95 111 3.998051e-01 
202 -1 3 94 110 3.083720e-01 95 110 1.779599e-01 95 111 5.136681e-01 
203 -1 3 94 110 8.628225e-02 95 110 2.908282e-01 95 111 6.228895e-01 
204 -1 3 95 110 2.725801e-01 95 111 5.893655e-01 96 111 1.380544e-01 
205 -1 3 95 110 1.727867e-01 95 111 4.626765e-01 96 111 3.645368e-01 
206 -1 3 95 110 7.777500e-02 95 111 3.291578e-01 96 111 5.930672e-01 
207 -1 3 95 111 1.764574e-01 96 111 8.111296e-01 96 112 1.241302e-02 
208 -1 3 96 111 9.022608e-01 96 112 4.187632e-02 97 112 5.586290e-02 
209 -1 3 96 111 7.100759e-01 97 111 1.117587e-01 97 112 1.781654e-01 
210 -1 3 96 111 4.743762e-01 97 111 2.719693e-01 97 112 2.536545e-01 
211 -1 3 96 111 2.371426e-01 97 111 4.386806e-01 97 112 3.241768e-01 
212 -1 3 97 111 6.103039e-01 97 112 3.881750e-01 98 112 1.521111e-03 
213 -1 3 97 111 5.498123e-01 97 112 2.086792e-01 98 112 2.415085e-01 
214 -1 3 97 111 4.943781e-01 97 112 2.290773e-02 98 112 4.827142e-01 
215 -1 3 97 111 2.749689e-01 98 111 1.690562e-01 98 112 5.559750e-01 
216 -1 3 97 111 3.164721e-02 98 111 3.671260e-01 98 112 6.012268e-01 
217 -1 3 98 111 3.586454e-01 98 112 4.287829e-01 99 112 2.125716e-01 
218 -1 3 98 111 3.236570e-01 98 112 2.187634e-01 99 112 4.575796e-01 
219 -1 3 98 111 2.938242e-01 98 112 2.907157e-03 99 112 7.032686e-01 
220 -1 3 98 111 5.046952e-02 99 111 2.186917e-01 99 112 7.308388e-01 
221 -1 3 99 111 2.496796e-01 99 112 5.540645e-01 100 112 1.962560e-01 
222 -1 3 99 111 2.353840e-01 99 112 3.212795e-01 100 112 4.433365e-01 
223 -1 3 99 111 2.262859e-01 99 112 8.305123e-02 100 112 6.906628e-01 
224 -1 3 99 111 6.187426e-02 100 111 1.605111e-01 100 112 7.776146e-01 
225 -1 3 100 111 2.236853e-01 100 112 5.906988e-01 101 112 1.856160e-01 
226 -1 3 100 111 2.301846e-01 100 112 3.367912e-01 101 112 4.330243e-01 
227 -1 3 100 111 2.418833e-01 100 112 7.787544e-02 101 112 6.802413e-01 
228 -1 3 100 111 7.284206e-02 101 111 1.859308e-01 101 112 7.412271e-01 
229 -1 3 101 111 2.808466e-01 101 112 5.454882e-01 102 112 1.736652e-01 
230 -1 3 101 111 3.080959e-01 101 112 2.722497e-01 102 112 4.196544e-01 
231 -1 3 101 111 3.349837e-01 102 111 5.523801e-03 102 112 6.594925e-01 
232 -1 3 101 111 9.035671e-02 102 111 2.877103e-01 102 112 6.219330e-01 
233 -1 3 102 111 4.207602e-01 102 112 4.258127e-01 103 112 1.534271e-01 
234 -1 3 102 111 4.685650e-01 102 112 1.351755e-01 103 112 3.962595e-01 
235 -1 3 102 111 3.619659e-01 103 111 1.594956e-01 103 112 4.785385e-01 
236 -1 3 102 111 1.213560e-01 103 111 4.580727e-01 103 112 4.205713e-01 
237 -1 3 103 111 6.424370e-01 103 112 2.395802e-01 104 112 1.179829e-01 
238 -1 3 103 111 6.440554e-01 104 111 6.640530e-02 104 112 2.895393e-01 
239 -1 3 103 111 4.075756e-01 104 111 3.758945e-01 104 112 2.165298e-01 
240 -1 3 103 111 1.726820e-01 104 111 6.887500e-01 104 112 1.385679e-01 
241 -1 3 104 111 9.394779e-01 105 111 4.834175e-03 105 112 5.568790e-02 
242 -1 3 104 110 3.207493e-02 104 111 6.759925e-01 105 111 2.919326e-01 
243 -1 3 104 110 1.246805e-01 104 111 3.538718e-01 105 111 5.214477e-01 
244 -1 3 104 110 2.220888e-01 104 111 2.894449e-02 105 111 7.489667e-01 
245 -1 3 104 110 2.561140e-02 105 110 2.986436e-01 105 111 6.757450e-01 
246 -1 3 105 110 4.311371e-01 105 111 3.712492e-01 106 111 1.976137e-01 
247 -1 3 105 110 5.426846e-01 105 111 3.877163e-02 106 111 4.185438e-01 
248 -1 3 105 110 3.629193e-01 106 110 2.959313e-01 106 111 3.411493e-01 
249 -1 3 105 110 1.468706e-01 106 110 6.327133e-01 106 111 2.204161e-01 
250 -1 3 106 110 9.048290e-01 106 111 2.857733e-02 107 111 6.659365e-02 
251 -1 3 106 109 3.453064e-02 106 110 6.880913e-01 107 110 2.773781e-01 
252 -1 3 106 109 1.686344e-01 106 110 3.459744e-01 107 110 4.853911e-01 
253 -1 3 106 109 3.070784e-01 106 110 2.381802e-03 107 110 6.905398e-01 
254 -1 3 106 109 1.072650e-01 107 109 3.425393e-01 107 110 5.501957e-01 
255 -1 3 107 109 5.967464e-01 107 110 3.113670e-01 108 110 9.188652e-02 
256 -1 3 107 109 7.120943e-01 108 109 3.574562e-02 108 110 2.521601e-01 
257 -1 3 107 109 5.192928e-01 108 109 3.837261e-01 108 110 9.698105e-02 
258 -1 3 107 108 6.221485e-02 107 109 2.675796e-01 108 109 6.702056e-01 
259 -1 3 107 108 1.436834e-01 108 108 8.167458e-02 108 109 7.746420e-01 
260 -1 3 108 108 3.923759e-01 108 109 5.686655e-01 109 109 3.895855e-02 
261 -1 3 108 108 5.631943e-01 108 109 2.187548e-01 109 109 2.180510e-01 
262 -1 3 108 108 6.064844e-01 109 108 1.312542e-01 109 109 2.622614e-01 
263 -1 3 108 108 4.347277e-01 109 108 4.812040e-01 109 109 8.406830e-02 
264 -1 3 108 107 9.769440e-02 108 108 1.690588e-01 109 108 7.332468e-01 
265 -1 3 108 107 1.026335e-01 109 107 1.803122e-01 109 108 7.170544e-01 
266 -1 3 109 107 4.716053e-01 109 108 4.708395e-01 110 108 5.755520e-02 
267 -1 3 109 107 6.635885e-01 109 108 1.226654e-01 110 108 2.137461e-01 
268 -1 3 109 107 6.341314e-01 110 107 2.246804e-01 110 108 1.411881e-01 
269 -1 3 109 106 5.718851e-02 109 107 4.289584e-01 110 107 5.138531e-01 
270 -1 3 109 106 2.586308e-01 109 107 8.373070e-02 110 107 6.576385e-01 
271 -1 3 109 106 2.028418e-01 110 106 2.602077e-01 110 107 5.369506e-01 
272 -1 3 109 106 6.764603e-02 110 106 6.027088e-01 110 107 3.296452e-01 
273 -1 3 110 106 8.804560e-01 110 107 5.638218e-02 111 107 6.316185e-02 
274 -1 3 110 105 9.325838e-02 110 106 7.172160e-01 111 106 1.895256e-01 
275 -1 3 110 105 3.086691e-01 110 106 3.799381e-01 111 106 3.113928e-01 
276 -1 3 110 105 5.265932e-01 110 106 4.470253e-02 111 106 4.287043e-01 
277 -1 3 110 105 4.585886e-01 111 105 2.883463e-01 111 106 2.530651e-01 
278 -1 3 110 105 3.505363e-01 111 105 6.190596e-01 111 106 3.040409e-02 
279 -1 3 110 104 1.944780e-01 110 105 5.270767e-02 111 105 7.528143e-01 
280 -1 3 110 104 1.485844e-01 111 104 2.728972e-01 111 105 5.785184e-01 
281 -1 3 110 104 5.477428e-02 111 104 5.957332e-01 111 105 3.494925e-01 
282 -1 3 111 104 8.814540e-01 111 105 8.434248e-02 112 105 3.420353e-02 
283 -1 3 111 103 1.142187e-01 111 104 7.674732e-01 112 104 1.183081e-01 
284 -1 3 111 103 3.486993e-01 111 104 4.537995e-01 112 104 1.975012e-01 
285 -1 3 111 103 5.847924e-01 111 104 1.434543e-01 112 104 2.717533e-01 
286 -1 3 111 103 6.589746e-01 112 103 1.634190e-01 112 104 1.776063e-01 
287 -1 3 111 102 6.139803e-02 111 103 5.333114e-01 112 103 4.052906e-01 
288 -1 3 111 102 3.016996e-01 111 103 2.337799e-01 112 103 4.645205e-01 
289 -1 3 111 102 4.813128e-01 112 102 6.188035e-02 112 103 4.568069e-01 
290 -1 3 111 102 4.322329e-01 112 102 3.535385e-01 112 103 2.142286e-01 
291 -1 3 111 101 2.932763e-02 111 102 3.589313e-01 112 102 6.117411e-01 
292 -1 3 111 101 2.737536e-01 111 102 7.566118e-02 112 102 6.505852e-01 
293 -1 3 111 101 3.157148e-01 112 101 2.032275e-01 112 102 4.810576e-01 
294 -1 3 111 101 2.871742e-01 112 101 4.776106e-01 112 102 2.352152e-01 
295 -1 3 111 100 1.117253e-02 111 101 2.526338e-01 112 101 7.361937e-01 
296 -1 3 111 100 2.456188e-01 112 100 1.237833e-02 112 101 7.420028e-01 
297 -1 3 111 100 2.326221e-01 112 100 2.725272e-01 112 101 4.948506e-01 
298 -1 3 111 100 2.248220e-01 112 100 5.276980e-01 112 101 2.474799e-01 
299 -1 2 111 100 2.222223e-01 112 100 7.777777e-01 
300 -1 3 111 99 2.196226e-01 112 99 2.785733e-02 112 100 7.525201e-01 
301 -1 3 111 99 2.170229e-01 112 99 2.779370e-01 112 100 5.050401e-01 
-2 0 3 112 100 4.957012e-01 112 101 4.990002e-01 113 101 5.298615e-03 
-1 0 3 112 100 7.478506e-01 112 101 2.495001e-01 113 101 2.649307e-03 
300 0 3 112 99 2.521494e-01 112 100 7.452013e-01 113 100 2.649307e-03 
301 0 3 112 99 5.042988e-01 112 100 4.904026e-01 113 100 5.298615e-03 
-2 1 3 112 100 4.863623e-01 112 101 2.860176e-01 113 101 2.276201e-01 
-1 1 3 112 100 7.431811e-01 112 101 3.189763e-02 113 101 2.249212e-01 
300 1 3 112 99 2.568189e-01 112 100 5.182599e-01 113 100 2.249212e-01 
301 1 3 112 99 5.136377e-01 112 100 2.587422e-01 113 100 2.276201e-01 
-2 2 3 112 100 4.770234e-01 112 101 7.303685e-02 113 101 4.499397e-01 
-1 2 3 112 100 5.528078e-01 113 100 1.857039e-01 113 101 2.614883e-01 
300 2 3 112 99 2.614883e-01 112 100 2.913195e-01 113 100 4.471922e-01 
301 2 3 112 99 5.229766e-01 112 100 2.708369e-02 113 100 4.499397e-01 
-2 3 3 112 100 3.277388e-01 113 100 1.399458e-01 113 101 5.323154e-01 
-1 3 3 112 100 3.305359e-01 113 100 4.033064e-01 113 101 2.661577e-01 
300 3 3 112 99 2.661577e-01 112 100 6.437817e-02 113 100 6.694641e-01 
301 3 3 112 99 3.277388e-01 113 99 2.045767e-01 113 100 4.676846e-01 
-2 4 3 112 100 1.054192e-01 113 100 3.529266e-01 113 101 5.416543e-01 
-1 4 3 112 100 1.082649e-01 113 100 6.209079e-01 113 101 2.708271e-01 
300 4 3 112 99 1.082649e-01 113 99 1.625622e-01 113 100 7.291729e-01 
301 4 3 112 99 1.054192e-01 113 99 4.362351e-01 113 100 4.583457e-01 
-2 5 3 113 100 4.490069e-01 113 101 4.340937e-01 114 101 1.168995e-01 
-1 5 3 113 100 7.245034e-01 113 101 1.614915e-01 114 101 1.140051e-01 
300 5 3 113 99 2.754966e-01 113 100 6.104983e-01 114 100 1.140051e-01 
301 5 3 113 99 5.509931e-01 113 100 3.321074e-01 114 100 1.168995e-01 
-2 6 3 113 100 4.396679e-01 113 101 2.211130e-01 114 101 3.392191e-01 
-1 6 3 113 100 6.637239e-01 114 100 5.611002e-02 114 101 2.801660e-01 
300 6 3 113 99 2.801660e-01 113 100 3.835579e-01 114 100 3.362761e-01 
301 6 3 113 99 5.603321e-01 113 100 1.004488e-01 114 100 3.392191e-01 
-2 7 3 113 100 4.303291e-01 113 101 8.130312e-03 114 101 5.615406e-01 
-1 7 3 113 100 4.414520e-01 114 100 2.737125e-01 114 101 2.848355e-01 
300 7 3 113 99 2.848355e-01 113 100 1.566166e-01 114 100 5.585480e-01 
301 7 3 113 99 4.384594e-01 114 99 1.312115e-01 114 100 4.303291e-01 
-2 8 3 113 100 2.161379e-01 114 100 2.048523e-01 114 101 5.790098e-01 
-1 8 3 113 100 2.191801e-01 114 100 4.913150e-01 114 101 2.895049e-01 
300 8 3 113 99 2.191801e-01 114 99 7.032478e-02 114 100 7.104951e-01 
301 8 3 113 99 2.161379e-01 114 99 3.628719e-01 114 100 4.209902e-01 
-2 9 3 114 100 4.116514e-01 114 101 5.821669e-01 115 101 6.181717e-03 
-1 9 3 114 100 7.058257e-01 114 101 2.910835e-01 115 101 3.090858e-03 
300 9 3 114 99 2.941743e-01 114 100 7.027348e-01 115 100 3.090858e-03 
301 9 3 114 99 5.883486e-01 114 100 4.054697e-01 115 100 6.181717e-03 
-2 10 3 114 100 4.023125e-01 114 101 3.691862e-01 115 101 2.285013e-01 
-1 10 3 114 100 7.011563e-01 114 101 7.348192e-02 115 101 2.253618e-01 
0 10 2 114 100 7.777777e-01 115 100 2.222223e-01 
1 10 3 114 99 2.988437e-01 114 100 4.820734e-01 115 100 2.190828e-01 
2 10 3 114 99 5.975556e-01 114 100 1.927810e-01 115 100 2.096634e-01 
3 10 3 114 99 8.060303e-01 115 99 8.997321e-02 115 100 1.039965e-01 
4 10 3 114 98 1.940557e-01 114 99 6.339358e-01 115 99 1.720085e-01 
5 10 3 114 98 4.915808e-01 114 99 3.646289e-01 115 99 1.437902e-01 
6 10 3 114 98 7.884473e-01 114 99 1.022273e-01 115 99 1.093254e-01 
7 10 3 114 97 8.452368e-02 114 98 8.468451e-01 115 98 6.863117e-02 
8 10 3 114 97 3.796797e-01 114 98 5.985966e-01 115 98 2.172375e-02 
9 10 3 113 97 3.137493e-02 114 97 6.424103e-01 114 98 3.262148e-01 
10 10 3 113 97 9.064198e-02 114 97 8.760679e-01 114 98 3.329015e-02 
11 10 3 113 96 1.560516e-01 114 96 1.022732e-01 114 97 7.416751e-01 
12 10 3 113 96 2.275734e-01 114 96 3.209274e-01 114 97 4.514992e-01 
13 10 3 113 96 3.051767e-01 114 96 5.319326e-01 114 97 1.628907e-01 
14 10 3 113 95 1.240246e-01 113 96 2.648017e-01 114 96 6.111736e-01 
15 10 3 113 95 4.091177e-01 113 96 6.937122e-02 114 96 5.215111e-01 
16 10 3 113 95 5.741205e-01 114 95 1.181440e-01 114 96 3.077354e-01 
17 10 3 113 95 6.756811e-01 114 95 2.976584e-01 114 96 2.666044e-02 
18 10 3 113 94 2.522173e-01 113 95 5.309057e-01 114 95 2.168770e-01 
19 10 3 113 94 5.287771e-01 113 95 3.676271e-01 114 95 1.035957e-01 
20 10 3 112 94 1.546955e-02 113 94 7.874260e-01 113 95 1.971045e-01 
21 10 3 112 93 7.445097e-02 112 94 6.582022e-02 113 94 8.597288e-01 
22 10 3 112 93 2.707481e-01 113 93 7.257557e-02 113 94 6.566763e-01 
23 10 3 112 93 4.068480e-01 113 93 2.025485e-01 113 94 3.906035e-01 
24 10 3 112 93 5.485077e-01 113 93 3.240423e-01 113 94 1.274500e-01 
25 10 3 112 92 1.326694e-01 112 93 5.629969e-01 113 93 3.043337e-01 
26 10 3 112 92 3.896379e-01 112 93 4.586182e-01 113 93 1.517439e-01 
27 10 3 111 92 6.215096e-03 112 92 6.371298e-01 112 93 3.566551e-01 
28 10 3 111 92 1.694689e-01 112 92 7.242074e-01 112 93 1.063237e-01 
29 10 3 111 91 1.405210e-01 111 92 1.974249e-01 112 92 6.620541e-01 
30 10 3 111 91 3.837729e-01 111 92 1.277990e-01 112 92 4.884281e-01 
31 10 3 111 91 6.233225e-01 111 92 6.694984e-02 112 92 3.097277e-01 
32 10 3 111 91 8.590631e-01 111 92 1.490402e-02 112 92 1.260328e-01 
33 10 3 110 90 6.257534e-02 111 90 2.831650e-02 111 91 9.091082e-01 
34 10 3 110 90 2.560101e-01 111 90 6.269741e-02 111 91 6.812925e-01 
35 10 3 110 90 4.541912e-01 111 90 8.821487e-02 111 91 4.575939e-01 
36 10 3 110 90 6.570301e-01 111 90 1.048641e-01 111 91 2.381058e-01 
37 10 3 110 90 8.644333e-01 111 90 1.126356e-01 111 91 2.293110e-02 
38 10 3 109 89 7.631588e-02 110 89 1.115246e-01 110 90 8.121595e-01 
39 10 3 109 89 2.925768e-01 110 89 1.015348e-01 110 90 6.058884e-01 
40 10 3 109 89 5.131264e-01 110 89 8.266640e-02 110 90 4.042072e-01 
41 10 3 109 89 7.378645e-01 110 89 5.493164e-02 110 90 2.072039e-01 
42 10 3 109 89 9.666939e-01 110 89 1.834011e-02 110 90 1.496601e-02 
43 10 3 108 88 1.724205e-01 108 89 2.708817e-02 109 89 8.004913e-01 
44 10 3 108 88 3.548746e-01 108 89 8.133793e-02 109 89 5.637875e-01 
45 10 3 108 88 5.323133e-01 108 89 1.443834e-01 109 89 3.233032e-01 
46 10 3 108 88 7.046595e-01 108 89 2.161970e-01 109 89 7.914352e-02 
47 10 3 107 88 1.685843e-01 108 88 7.032533e-01 108 89 1.281624e-01 
48 10 3 107 87 3.377342e-02 107 88 3.859963e-01 108 88 5.802302e-01 
49 10 3 107 87 1.903954e-01 107 88 4.839067e-01 108 88 3.256979e-01 
50 10 3 107 87 3.416367e-01 107 88 5.904331e-01 108 88 6.793022e-02 
51 10 3 106 87 1.929579e-01 107 87 2.944660e-01 107 88 5.125761e-01 
52 10 3 106 87 4.568534e-01 107 87 1.708474e-01 107 88 3.722992e-01 
53 10 3 106 87 7.236362e-01 107 87 3.876543e-02 107 88 2.375984e-01 
54 10 3 106 87 8.914633e-01 106 88 1.017275e-01 107 88 6.809235e-03 
55 10 3 105 86 1.483727e-02 105 87 2.505612e-01 106 87 7.346015e-01 
56 10 3 105 86 1.324615e-01 105 87 4.076777e-01 106 87 4.598608e-01 
57 10 3 105 86 2.442856e-01 105 87 5.730038e-01 106 87 1.827106e-01 
58 10 3 104 86 9.672880e-02 105 86 2.535348e-01 105 87 6.497364e-01 
59 10 3 104 86 3.783326e-01 105 86 7.201242e-02 105 87 5.496550e-01 
60 10 3 104 86 5.444889e-01 104 87 1.174893e-01 105 87 3.380218e-01 
61 10 3 104 86 6.326504e-01 104 87 3.148882e-01 105 87 5.246139e-02 
62 10 3 103 86 2.348888e-01 104 86 4.799035e-01 104 87 2.852077e-01 
63 10 3 103 86 5.239012e-01 104 86 2.669780e-01 104 87 2.091208e-01 
64 10 3 103 86 8.144488e-01 104 86 4.642725e-02 104 87 1.391239e-01 
65 10 3 102 86 1.064034e-01 103 86 8.183479e-01 103 87 7.524872e-02 
66 10 3 102 86 3.996356e-01 103 86 5.828435e-01 103 87 1.752090e-02 
67 10 3 102 85 3.403091e-02 102 86 6.599848e-01 103 86 3.059843e-01 
68 10 3 102 85 7.938766e-02 102 86 9.100264e-01 103 86 1.058590e-02 
69 10 3 101 85 1.185265e-01 101 86 1.671742e-01 102 86 7.142993e-01 
70 10 3 101 85 1.514320e-01 101 86 4.313120e-01 102 86 4.172560e-01 
71 10 3 101 85 1.780863e-01 101 86 7.023267e-01 102 86 1.195871e-01 
72 10 3 100 85 1.785766e-01 101 85 1.990497e-02 101 86 8.015184e-01 
73 10 3 100 85 2.126074e-01 100 86 2.644954e-01 101 86 5.228972e-01 
74 10 3 100 85 2.204561e-01 100 86 5.554038e-01 101 86 2.241400e-01 
75 10 3 99 85 7.471609e-02 100 85 1.473088e-01 100 86 7.779751e-01 
76 10 3 99 85 2.173166e-01 99 86 1.562226e-01 100 86 6.264608e-01 
77 10 3 99 85 2.063274e-01 99 86 4.658700e-01 100 86 3.278025e-01 
78 10 3 99 85 1.890659e-01 99 86 7.814928e-01 100 86 2.944124e-02 
79 10 3 98 85 1.655397e-01 98 86 1.029519e-01 99 86 7.315084e-01 
80 10 3 98 85 1.357584e-01 98 86 4.301058e-01 99 86 4.341358e-01 
81 10 3 98 85 9.973526e-02 98 86 7.628102e-01 99 86 1.374545e-01 
82 10 3 97 85 5.748558e-02 97 86 1.009185e-01 98 86 8.415959e-01 
83 10 3 97 85 9.028435e-03 97 86 4.442813e-01 98 86 5.466902e-01 
84 10 3 97 86 7.471323e-01 98 86 2.072535e-01 98 87 4.561424e-02 
85 10 3 96 86 3.974175e-02 97 86 8.538396e-01 97 87 1.064186e-01 
86 10 3 96 86 3.310087e-01 97 86 4.956324e-01 97 87 1.733589e-01 
87 10 3 96 86 6.208048e-01 97 86 1.327906e-01 97 87 2.464046e-01 
88 10 3 96 86 6.744757e-01 96 87 2.345266e-01 97 87 9.099770e-02 
89 10 3 95 86 1.954732e-01 96 86 3.938460e-01 96 87 4.106808e-01 
90 10 3 95 86 4.800920e-01 96 86 1.807022e-02 96 87 5.018377e-01 
91 10 3 95 86 4.010448e-01 95 87 3.616872e-01 96 87 2.372680e-01 
92 10 3 94 86 4.326963e-02 95 86 2.547383e-01 95 87 7.019920e-01 
93 10 3 94 86 1.891012e-01 94 87 1.324782e-01 95 87 6.784205e-01 
94 10 3 94 86 7.436943e-02 94 87 5.231705e-01 95 87 4.024601e-01 
95 10 3 94 87 8.710289e-01 95 87 8.283615e-02 95 88 4.613495e-02 
96 10 3 93 87 1.419253e-01 94 87 6.857152e-01 94 88 1.723595e-01 
97 10 3 93 87 4.101095e-01 94 87 2.856417e-01 94 88 3.042488e-01 
98 10 3 93 87 5.582571e-01 93 88 1.172061e-01 94 88 3.245368e-01 
99 10 3 93 87 4.152155e-01 93 88 5.226531e-01 94 88 6.213140e-02 
100 10 3 92 87 1.972108e-01 93 87 6.948137e-02 93 88 7.333078e-01 
101 10 3 92 87 1.127529e-01 92 88 3.406224e-01 93 88 5.466247e-01 
102 10 3 92 88 7.062488e-01 93 88 2.472177e-01 93 89 4.653358e-02 
103 10 3 92 88 7.889004e-01 92 89 1.668181e-01 93 89 4.428148e-02 
104 10 3 91 88 2.016754e-01 92 88 4.174509e-01 92 89 3.808737e-01 
105 10 3 91 88 4.440117e-01 92 88 2.126694e-04 92 89 5.557756e-01 
106 10 3 91 88 2.642689e-01 91 89 4.183493e-01 92 89 3.173819e-01 
107 10 3 91 88 7.933903e-02 91 89 8.380527e-01 92 89 8.260822e-02 
108 10 3 90 89 1.482267e-01 91 89 7.412882e-01 91 90 1.104851e-01 
109 10 3 90 89 3.750229e-01 91 89 3.198624e-01 91 90 3.051147e-01 
110 10 3 90 89 4.955320e-01 90 90 1.021452e-01 91 90 4.023228e-01 
111 10 3 90 89 2.915440e-01 90 90 5.245514e-01 91 90 1.839046e-01 
112 10 3 89 89 3.017807e-02 90 89 5.283356e-02 90 90 9.169884e-01 
113 10 3 89 90 2.398338e-01 90 90 6.301918e-01 90 91 1.299744e-01 
114 10 3 89 90 4.449654e-01 90 90 2.077169e-01 90 91 3.473177e-01 
115 10 3 89 90 4.310780e-01 89 91 2.144089e-01 90 91 3.545132e-01 
116 10 3 89 90 2.053080e-01 89 91 6.359978e-01 90 91 1.586943e-01 
117 10 3 88 91 3.233719e-02 89 91 9.431353e-01 89 92 2.452755e-02 
118 10 3 88 91 2.184992e-01 89 91 5.231762e-01 89 92 2.583246e-01 
119 10 3 88 91 3.997068e-01 89 91 1.043100e-01 89 92 4.959831e-01 
120 10 3 88 91 2.626028e-01 88 92 3.132763e-01 89 92 4.241209e-01 
121 10 3 88 91 1.754141e-02 88 92 7.294002e-01 89 92 2.530584e-01 
122 10 3 88 92 7.689395e-01 88 93 1.438756e-01 89 93 8.718491e-02 
123 10 3 87 92 7.343006e-02 88 92 4.434767e-01 88 93 4.830933e-01 
124 10 3 87 92 2.287130e-01 88 92 3.284168e-02 88 93 7.384453e-01 
125 10 3 87 92 2.995968e-03 87 93 3.756003e-01 88 93 6.214037e-01 
126 10 3 87 93 5.230131e-01 88 93 2.183318e-01 88 94 2.586551e-01 
127 10 3 87 93 4.767175e-01 87 94 1.851840e-01 88 94 3.380985e-01 
128 10 3 87 93 2.092299e-01 87 94 5.859666e-01 88 94 2.048035e-01 
129 10 3 87 94 9.228430e-01 88 94 1.615763e-02 88 95 6.099939e-02 
130 10 3 86 94 4.478359e-02 87 94 6.213651e-01 87 95 3.338513e-01 
131 10 3 86 94 1.609621e-01 87 94 2.298331e-01 87 95 6.092048e-01 
132 10 3 86 94 1.130610e-01 86 95 1.582689e-01 87 95 7.286701e-01 
133 10 3 86 95 3.758373e-01 87 95 4.572310e-01 87 96 1.669316e-01 
134 10 3 86 95 4.744396e-01 87 95 7.650328e-02 87 96 4.490571e-01 
135 10 3 86 95 2.668061e-01 86 96 3.002849e-01 87 96 4.329090e-01 
136 10 3 86 96 6.537533e-01 87 96 3.270335e-01 87 97 1.921320e-02 
137 10 3 86 96 6.930089e-01 86 97 4.137468e-02 87 97 2.656164e-01 
138 10 3 86 96 4.036005e-01 86 97 4.053500e-01 87 97 1.910496e-01 
139 10 3 86 96 1.126895e-01 86 97 7.647290e-01 87 97 1.225815e-01 
140 10 3 86 97 8.204033e-01 86 98 1.193588e-01 87 98 6.023788e-02 
141 10 3 86 97 5.268722e-01 86 98 4.690738e-01 87 98 4.054070e-03 
142 10 3 85 97 4.595280e-02 86 97 1.862721e-01 86 98 7.677751e-01 
143 10 3 85 98 8.975506e-02 86 98 8.468373e-01 86 99 6.340766e-02 
144 10 3 85 98 1.273384e-01 86 98 5.127661e-01 86 99 3.598955e-01 
145 10 3 85 98 1.586809e-01 86 98 1.842115e-01 86 99 6.571076e-01 
146 10 3 85 98 4.508734e-02 85 99 1.386847e-01 86 99 8.162279e-01 
147 10 3 85 99 2.026014e-01 86 99 5.442193e-01 86 100 2.531793e-01 
148 10 3 85 99 2.151575e-01 86 99 2.330669e-01 86 100 5.517756e-01 
149 10 3 85 99 1.494301e-01 85 100 7.200733e-02 86 100 7.785625e-01 
150 10 3 85 100 2.214375e-01 86 100 6.291324e-01 86 101 1.494301e-01 
151 10 3 85 100 2.151575e-01 86 100 3.366181e-01 86 101 4.482244e-01 
152 10 3 85 100 2.026014e-01 86 100 5.057782e-02 86 101 7.468207e-01 
153 10 3 85 101 1.837721e-01 86 101 7.711406e-01 86 102 4.508734e-02 
154 10 3 85 101 1.586809e-01 86 101 4.984267e-01 86 102 3.428924e-01 
155 10 3 85 101 1.273384e-01 86 101 2.325571e-01 86 102 6.401045e-01 
156 10 3 85 101 6.340766e-02 85 102 2.634740e-02 86 102 9.102449e-01 
157 10 3 85 102 4.595280e-02 86 102 7.218223e-01 86 103 2.322249e-01 
158 10 3 86 102 4.731278e-01 86 103 5.228181e-01 87 103 4.054070e-03 
159 10 3 86 102 1.795967e-01 86 103 7.601655e-01 87 103 6.023788e-02 
160 10 3 86 103 8.774185e-01 87 103 9.891987e-03 87 104 1.126895e-01 
161 10 3 86 103 5.963995e-01 86 104 2.125509e-01 87 104 1.910496e-01 
162 10 3 86 103 3.069911e-01 86 104 4.273925e-01 87 104 2.656164e-01 
163 10 3 86 103 1.921320e-02 86 104 6.345401e-01 87 104 3.462467e-01 
164 10 3 86 104 5.670910e-01 87 104 1.661029e-01 87 105 2.668061e-01 
165 10 3 86 104 4.490571e-01 86 105 2.538252e-02 87 105 5.255604e-01 
166 10 3 86 104 1.669316e-01 86 105 2.089057e-01 87 105 6.241627e-01 
167 10 3 86 105 2.713299e-01 87 105 6.156092e-01 87 106 1.130610e-01 
168 10 3 86 105 1.609621e-01 87 105 4.482427e-01 87 106 3.907952e-01 
169 10 3 86 105 4.478359e-02 87 105 2.890677e-01 87 106 6.661487e-01 
170 10 3 87 105 6.099939e-02 87 106 8.618436e-01 88 106 7.715702e-02 
171 10 3 87 106 7.907701e-01 87 107 4.426479e-03 88 107 2.048035e-01 
172 10 3 87 106 5.232825e-01 87 107 1.386189e-01 88 107 3.380985e-01 
173 10 3 87 106 2.586551e-01 87 107 2.643580e-01 88 107 4.769869e-01 
174 10 3 87 107 3.785963e-01 88 107 6.184077e-01 88 108 2.995968e-03 
175 10 3 87 107 2.287130e-01 88 107 5.097322e-01 88 108 2.615547e-01 
176 10 3 87 107 7.343006e-02 88 107 4.096632e-01 88 108 5.169067e-01 
177 10 3 88 107 2.310605e-01 88 108 6.817546e-01 89 108 8.718491e-02 
178 10 3 88 108 7.469416e-01 89 108 2.355170e-01 89 109 1.754141e-02 
179 10 3 88 108 5.758791e-01 89 108 1.615181e-01 89 109 2.626028e-01 
180 10 3 88 108 3.997068e-01 89 108 9.627628e-02 89 109 5.040169e-01 
181 10 3 88 108 2.184992e-01 89 108 3.982544e-02 89 109 7.416754e-01 
182 10 3 88 108 2.452755e-02 88 109 7.809639e-03 89 109 9.676628e-01 
183 10 3 89 109 7.946920e-01 89 110 4.661369e-02 90 110 1.586943e-01 
184 10 3 89 109 5.689220e-01 89 110 7.656479e-02 90 110 3.545132e-01 
185 10 3 89 109 3.473177e-01 89 110 9.764767e-02 90 110 5.550346e-01 
186 10 3 89 109 1.299744e-01 89 110 1.098595e-01 90 110 7.601662e-01 
187 10 3 89 110 3.017807e-02 90 110 8.868103e-01 90 111 8.301163e-02 
188 10 3 90 110 7.084560e-01 90 111 1.076393e-01 91 111 1.839046e-01 
189 10 3 90 110 5.044680e-01 90 111 9.320927e-02 91 111 4.023228e-01 
190 10 3 90 110 3.051147e-01 90 111 6.990814e-02 91 111 6.249771e-01 
191 10 3 90 110 1.104851e-01 90 111 3.774166e-02 91 111 8.517733e-01 
192 10 3 91 111 9.173918e-01 92 111 3.269196e-03 92 112 7.933903e-02 
193 10 3 91 111 6.826181e-01 92 111 5.311298e-02 92 112 2.642689e-01 
194 10 3 91 111 4.440117e-01 92 111 1.117640e-01 92 112 4.442244e-01 
195 10 3 91 111 2.016754e-01 92 111 1.791983e-01 92 112 6.191263e-01 
196 10 3 92 111 2.110996e-01 92 112 7.446189e-01 93 112 4.428148e-02 
197 10 3 92 111 4.653358e-02 92 112 6.597152e-01 93 112 2.937512e-01 
198 10 3 92 112 4.533753e-01 93 112 4.338717e-01 93 113 1.127529e-01 
199 10 3 92 112 1.972108e-01 93 112 5.360970e-01 93 113 2.666922e-01 
200 10 3 93 112 5.847845e-01 93 113 3.530841e-01 94 113 6.213140e-02 
201 10 3 93 112 4.417429e-01 93 113 2.337203e-01 94 113 3.245368e-01 
202 10 3 93 112 3.042488e-01 93 113 1.058607e-01 94 113 5.898905e-01 
203 10 3 93 112 1.419253e-01 94 112 3.043413e-02 94 113 8.276405e-01 
204 10 3 94 112 4.613495e-02 94 113 8.248940e-01 95 113 1.289711e-01 
205 10 3 94 113 5.975399e-01 95 113 3.280907e-01 95 114 7.436943e-02 
206 10 3 94 113 3.215795e-01 95 113 4.893193e-01 95 114 1.891012e-01 
207 10 3 94 113 4.326963e-02 95 113 6.587224e-01 95 114 2.980080e-01 
208 10 3 95 113 5.989552e-01 95 114 1.637769e-01 96 114 2.372680e-01 
209 10 3 95 113 4.800920e-01 96 113 2.174568e-02 96 114 4.981623e-01 
210 10 3 95 113 1.954732e-01 96 113 2.152076e-01 96 114 5.893192e-01 
211 10 3 96 113 3.255243e-01 96 114 5.834780e-01 97 114 9.099770e-02 
212 10 3 96 113 2.464046e-01 96 114 3.744001e-01 97 114 3.791952e-01 
213 10 3 96 113 1.733589e-01 96 114 1.576498e-01 97 114 6.689913e-01 
214 10 3 96 113 3.974175e-02 97 113 6.667686e-02 97 114 8.935814e-01 
215 10 3 97 113 4.561424e-02 97 114 7.015181e-01 98 114 2.528677e-01 
216 10 3 97 114 4.533098e-01 98 114 5.376618e-01 98 115 9.028435e-03 
217 10 3 97 114 1.584041e-01 98 114 7.841103e-01 98 115 5.748558e-02 
218 10 3 98 114 8.625455e-01 99 114 3.771925e-02 99 115 9.973526e-02 
219 10 3 98 114 5.658642e-01 99 114 2.983774e-01 99 115 1.357584e-01 
220 10 3 98 114 2.684916e-01 99 114 5.659686e-01 99 115 1.655397e-01 
221 10 3 99 114 8.109341e-01 99 115 1.596247e-01 100 115 2.944124e-02 
222 10 3 99 114 6.721975e-01 100 114 1.214751e-01 100 115 2.063274e-01 
223 10 3 99 114 3.735392e-01 100 114 4.091442e-01 100 115 2.173166e-01 
224 10 3 99 114 7.471609e-02 100 114 7.032590e-01 100 115 2.220249e-01 
225 10 3 100 114 7.758600e-01 101 114 3.683910e-03 101 115 2.204561e-01 
226 10 3 100 114 4.771028e-01 101 114 3.102899e-01 101 115 2.126074e-01 
227 10 3 100 114 1.785766e-01 101 114 6.229419e-01 101 115 1.984816e-01 
228 10 3 101 114 8.219137e-01 101 115 5.849922e-02 102 115 1.195871e-01 
229 10 3 101 114 5.827440e-01 102 114 2.658240e-01 102 115 1.514320e-01 
230 10 3 101 114 2.857007e-01 102 114 5.957729e-01 102 115 1.185265e-01 
231 10 3 102 114 9.206123e-01 102 115 6.880176e-02 103 115 1.058590e-02 
232 10 3 102 114 6.940157e-01 103 114 2.719533e-01 103 115 3.403091e-02 
233 10 3 102 113 1.752090e-02 102 114 3.821146e-01 103 114 6.003644e-01 
234 10 3 102 113 7.524872e-02 102 114 3.115463e-02 103 114 8.935966e-01 
235 10 3 103 113 1.391239e-01 103 114 6.753249e-01 104 114 1.855512e-01 
236 10 3 103 113 2.091208e-01 103 114 3.147805e-01 104 114 4.760988e-01 
237 10 3 103 113 2.348888e-01 104 113 5.031896e-02 104 114 7.147923e-01 
238 10 3 104 113 3.673496e-01 104 114 5.801890e-01 105 114 5.246139e-02 
239 10 3 104 113 4.555111e-01 104 114 2.064672e-01 105 114 3.380218e-01 
240 10 3 104 113 3.783326e-01 105 113 1.713223e-01 105 114 4.503450e-01 
241 10 3 104 113 9.672880e-02 105 113 5.530076e-01 105 114 3.502636e-01 
242 10 3 105 113 7.557144e-01 105 114 6.157494e-02 106 114 1.827106e-01 
243 10 3 105 113 5.401392e-01 106 113 3.273993e-01 106 114 1.324615e-01 
244 10 3 105 113 2.653985e-01 106 113 7.197642e-01 106 114 1.483727e-02 
245 10 3 106 112 1.085367e-01 106 113 8.846540e-01 107 113 6.809235e-03 
246 10 3 106 112 2.375984e-01 106 113 4.860377e-01 107 113 2.763638e-01 
247 10 3 106 112 3.722992e-01 106 113 8.455420e-02 107 113 5.431466e-01 
248 10 3 106 112 1.929579e-01 107 112 3.196182e-01 107 113 4.874239e-01 
249 10 3 107 112 6.583633e-01 107 113 2.737064e-01 108 113 6.793022e-02 
250 10 3 107 112 6.743021e-01 108 112 1.353025e-01 108 113 1.903954e-01 
251 10 3 107 112 4.197698e-01 108 112 5.464568e-01 108 113 3.377342e-02 
252 10 3 107 111 1.281624e-01 107 112 4.042196e-02 108 112 8.314157e-01 
253 10 3 108 111 2.953405e-01 108 112 6.255159e-01 109 112 7.914352e-02 
254 10 3 108 111 4.676867e-01 108 112 2.090101e-01 109 112 3.233032e-01 
255 10 3 108 111 4.362125e-01 109 111 2.089128e-01 109 112 3.548746e-01 
256 10 3 108 111 1.995087e-01 109 111 6.280708e-01 109 112 1.724205e-01 
257 10 3 109 110 1.496601e-02 109 111 9.517279e-01 110 111 3.330612e-02 
258 10 3 109 110 2.072039e-01 109 111 5.306606e-01 110 111 2.621355e-01 
259 10 3 109 110 4.042072e-01 109 111 1.089191e-01 110 111 4.868736e-01 
260 10 3 109 110 2.925768e-01 110 110 3.133116e-01 110 111 3.941116e-01 
261 10 3 109 110 7.631588e-02 110 110 7.358437e-01 110 111 1.878405e-01 
262 10 3 110 109 2.293110e-02 110 110 8.415022e-01 111 110 1.355667e-01 
263 10 3 110 109 2.381058e-01 110 110 4.189243e-01 111 110 3.429699e-01 
264 10 3 110 109 4.541912e-01 111 109 3.402710e-03 111 110 5.424061e-01 
265 10 3 110 109 2.560101e-01 111 109 4.252825e-01 111 110 3.187075e-01 
266 10 3 110 109 6.257534e-02 111 109 8.465328e-01 111 110 9.089184e-02 
267 10 3 111 108 1.409369e-01 111 109 7.330303e-01 112 109 1.260328e-01 
268 10 3 111 108 3.766775e-01 111 109 3.135948e-01 112 109 3.097277e-01 
269 10 3 111 108 5.115719e-01 112 108 1.046553e-01 112 109 3.837729e-01 
270 10 3 111 108 3.379459e-01 112 108 5.215330e-01 112 109 1.405210e-01 
271 10 3 111 107 1.063237e-01 111 108 6.314516e-02 112 108 8.305311e-01 
272 10 3 111 107 6.215096e-03 112 107 3.504400e-01 112 108 6.433449e-01 
273 10 3 112 107 6.103621e-01 112 108 2.378941e-01 113 108 1.517439e-01 
274 10 3 112 107 6.956663e-01 113 107 1.716642e-01 113 108 1.326694e-01 
275 10 3 112 106 1.274500e-01 112 107 4.210577e-01 113 107 4.514923e-01 
276 10 3 112 106 3.906035e-01 112 107 1.624441e-02 113 107 5.931520e-01 
277 10 3 112 106 2.707481e-01 113 106 3.859282e-01 113 107 3.433237e-01 
278 10 3 112 106 1.402712e-01 113 106 7.852778e-01 113 107 7.445097e-02 
279 10 3 112 105 1.546955e-02 113 105 1.816349e-01 113 106 8.028955e-01 
280 10 3 113 105 4.712229e-01 113 106 4.251814e-01 114 106 1.035957e-01 
281 10 3 113 105 7.477827e-01 113 106 3.534031e-02 114 106 2.168770e-01 
282 10 3 113 104 2.666044e-02 113 105 6.490207e-01 114 105 3.243189e-01 
283 10 3 113 104 3.077354e-01 113 105 2.663851e-01 114 105 4.258795e-01 
284 10 3 113 104 4.784889e-01 114 104 1.123934e-01 114 105 4.091177e-01 
285 10 3 113 104 3.888264e-01 114 104 4.871490e-01 114 105 1.240246e-01 
286 10 3 113 103 1.628907e-01 113 104 1.422861e-01 114 104 6.948233e-01 
287 10 3 113 103 2.275734e-01 114 103 2.239258e-01 114 104 5.485008e-01 
288 10 3 113 103 1.560516e-01 114 103 5.856235e-01 114 104 2.583249e-01 
289 10 3 113 102 3.329015e-02 113 103 5.735183e-02 114 103 9.093580e-01 
290 10 3 113 102 3.137493e-02 114 102 2.948399e-01 114 103 6.737852e-01 
291 10 3 114 102 6.203203e-01 114 103 3.579559e-01 115 103 2.172375e-02 
292 10 3 114 102 9.154763e-01 114 103 1.589251e-02 115 103 6.863117e-02 
293 10 3 114 101 2.115527e-01 114 102 6.791219e-01 115 102 1.093254e-01 
294 10 3 114 101 5.084192e-01 114 102 3.477906e-01 115 102 1.437902e-01 
295 10 3 114 101 8.059443e-01 114 102 2.204716e-02 115 102 1.720085e-01 
296 10 3 114 100 1.039965e-01 114 101 7.020338e-01 115 101 1.939697e-01 
297 10 3 114 100 4.024444e-01 114 101 3.878922e-01 115 101 2.096634e-01 
298 10 3 114 100 7.011563e-01 114 101 7.976091e-02 115 101 2.190828e-01 
299 10 2 114 100 7.777777e-01 115 100 2.222223e-01 
300 10 3 114 99 2.988437e-01 114 100 4.757944e-01 115 100 2.253618e-01 
301 10 3 114 99 5.976875e-01 114 100 1.738112e-01 115 100 2.285013e-01 
-2 11 3 114 100 3.929737e-01 114 101 1.562054e-01 115 101 4.508209e-01 
-1 11 3 114 100 5.523672e-01 115 100 1.441196e-01 115 101 3.035132e-01 
0 11 2 114 100 5.555553e-01 115 100 4.444447e-01 
1 11 3 114 99 3.035132e-01 114 100 2.552303e-01 115 100 4.412565e-01 
2 11 3 114 99 5.683107e-01 115 99 3.858167e-02 115 100 3.931076e-01 
3 11 3 114 99 5.842495e-01 115 99 3.257540e-01 115 100 8.999646e-02 
4 11 3 114 98 2.127128e-01 114 99 3.938413e-01 115 99 3.934460e-01 
5 11 3 114 98 5.148869e-01 114 99 1.203260e-01 115 99 3.647871e-01 
6 11 3 114 98 6.702166e-01 115 98 1.461753e-01 115 99 1.836082e-01 
7 11 3 114 97 1.170943e-01 114 98 5.944517e-01 115 98 2.884541e-01 
8 11 3 114 97 4.168620e-01 114 98 3.423247e-01 115 98 2.408133e-01 
9 11 3 114 97 7.155631e-01 114 98 9.755206e-02 115 98 1.868849e-01 
10 11 3 114 96 1.306462e-02 114 97 8.602436e-01 115 97 1.266918e-01 
11 11 3 114 96 3.092363e-01 114 97 6.305039e-01 115 97 6.025982e-02 
12 11 3 113 96 1.237965e-02 114 96 5.915666e-01 114 97 3.960538e-01 
13 11 3 113 96 9.119511e-02 114 96 8.058689e-01 114 97 1.029360e-01 
14 11 3 113 95 1.761513e-01 114 95 1.231146e-02 114 96 8.115373e-01 
15 11 3 113 95 2.672157e-01 114 95 2.107944e-01 114 96 5.219898e-01 
16 11 3 113 95 3.643417e-01 114 95 4.012394e-01 114 96 2.344189e-01 
17 11 3 113 94 5.104828e-02 113 95 4.164410e-01 114 95 5.325108e-01 
18 11 3 113 94 3.342829e-01 113 95 2.423258e-01 114 95 4.233913e-01 
19 11 3 113 94 6.151643e-01 113 95 7.649660e-02 114 95 3.083391e-01 
20 11 3 113 94 8.125858e-01 114 94 8.098030e-02 114 95 1.064339e-01 
21 11 3 113 93 1.693645e-01 113 94 7.699742e-01 114 94 6.066132e-02 
22 11 3 112 93 7.185364e-02 113 93 3.705845e-01 113 94 5.575619e-01 
23 11 3 112 93 2.100801e-01 113 93 5.025883e-01 113 94 2.873316e-01 
24 11 3 112 93 3.539534e-01 113 93 6.259804e-01 113 94 2.006626e-02 
25 11 3 112 92 2.441177e-01 112 93 2.592936e-01 113 93 4.965887e-01 
26 11 3 112 92 5.051007e-01 112 93 1.532836e-01 113 93 3.416157e-01 
27 11 3 112 92 7.627721e-01 112 93 5.604029e-02 113 93 1.811876e-01 
28 11 3 112 91 1.701498e-02 112 92 9.676023e-01 113 92 1.538277e-02 
29 11 3 111 91 1.557264e-01 112 91 1.119900e-01 112 92 7.322836e-01 
30 11 3 111 91 3.320646e-01 112 91 1.827049e-01 112 92 4.852304e-01 
31 11 3 111 91 5.135574e-01 112 91 2.445049e-01 112 92 2.419376e-01 
32 11 3 111 91 7.001228e-01 112 91 2.973633e-01 112 92 2.513885e-03 
33 11 3 111 90 2.329369e-01 111 91 6.587420e-01 112 91 1.083212e-01 
34 11 3 110 90 8.813477e-02 111 90 3.761778e-01 111 91 5.356874e-01 
35 11 3 110 90 2.894125e-01 111 90 4.020929e-01 111 91 3.084946e-01 
36 11 3 110 90 4.954214e-01 111 90 4.190025e-01 111 91 8.557606e-02 
37 11 3 110 89 1.329603e-01 110 90 5.731039e-01 111 90 2.939358e-01 
38 11 3 110 89 3.470259e-01 110 90 5.742331e-01 111 90 7.874107e-02 
39 11 3 109 89 1.408978e-01 110 89 4.156218e-01 110 90 4.434805e-01 
40 11 3 109 89 3.648939e-01 110 89 3.964577e-01 110 90 2.386484e-01 
41 11 3 109 89 5.931435e-01 110 89 3.682899e-01 110 90 3.856659e-02 
42 11 3 109 88 1.566753e-01 109 89 6.688738e-01 110 89 1.744509e-01 
43 11 3 108 88 6.200027e-02 109 88 2.849894e-01 109 89 6.530104e-01 
44 11 3 108 88 3.024035e-01 109 88 2.298918e-01 109 89 4.677048e-01 
45 11 3 108 88 5.466452e-01 109 88 1.658611e-01 109 89 2.874937e-01 
46 11 3 108 88 7.946196e-01 109 88 9.292507e-02 109 89 1.124554e-01 
47 11 3 107 87 4.621840e-02 108 87 1.111650e-02 108 88 9.426651e-01 
48 11 3 107 87 2.218008e-01 107 88 7.952785e-02 108 88 6.986713e-01 
49 11 3 107 87 3.808699e-01 107 88 1.789680e-01 108 88 4.401622e-01 
50 11 3 107 87 5.344753e-01 107 88 2.871580e-01 108 88 1.783667e-01 
51 11 3 106 87 8.659744e-02 107 87 5.959415e-01 107 88 3.174610e-01 
52 11 3 106 87 3.546171e-01 107 87 4.703913e-01 107 88 1.749916e-01 
53 11 3 106 87 6.255679e-01 107 87 3.362470e-01 107 88 3.818512e-02 
54 11 3 106 86 9.289169e-02 106 87 8.064423e-01 107 87 1.006660e-01 
55 11 3 105 86 1.757951e-01 106 86 4.239988e-02 106 87 7.818050e-01 
56 11 3 105 86 3.376570e-01 105 87 1.171722e-01 106 87 5.451708e-01 
57 11 3 105 86 4.512272e-01 105 87 2.850823e-01 106 87 2.636905e-01 
58 11 3 104 86 2.011538e-02 105 86 5.387464e-01 105 87 4.411383e-01 
59 11 3 104 86 3.061190e-01 105 86 3.543873e-01 105 87 3.394938e-01 
60 11 3 104 86 5.941968e-01 105 86 1.619248e-01 105 87 2.438784e-01 
61 11 3 104 86 8.456602e-01 104 87 3.855872e-02 105 87 1.157811e-01 
62 11 3 103 86 1.760590e-01 104 86 7.530267e-01 104 87 7.091427e-02 
63 11 3 103 85 6.361961e-03 103 86 4.632251e-01 104 86 5.304129e-01 
64 11 3 103 85 7.745266e-02 103 86 6.872218e-01 104 86 2.353256e-01 
65 11 3 102 85 6.119084e-02 103 85 8.113456e-02 103 86 8.576746e-01 
66 11 3 102 85 2.009554e-01 102 86 1.580496e-01 103 86 6.409950e-01 
67 11 3 102 85 2.533121e-01 102 86 4.046726e-01 103 86 3.420153e-01 
68 11 3 102 85 2.993784e-01 102 86 6.586202e-01 103 86 4.200137e-02 
69 11 3 101 85 2.589148e-01 102 85 8.021367e-02 102 86 6.608715e-01 
70 11 3 101 85 3.725491e-01 101 86 1.880504e-01 102 86 4.394006e-01 
71 11 3 101 85 3.996191e-01 101 86 4.633002e-01 102 86 1.370807e-01 
72 11 3 100 85 1.657419e-01 101 85 2.545910e-01 101 86 5.796671e-01 
73 11 3 100 85 4.346800e-01 100 86 3.425246e-02 101 86 5.310676e-01 
74 11 3 100 85 4.426508e-01 100 86 3.297070e-01 101 86 2.276422e-01 
75 11 3 99 85 7.588353e-02 100 85 3.683599e-01 100 86 5.557566e-01 
76 11 3 99 85 3.793758e-01 100 85 6.008691e-02 100 86 5.605373e-01 
77 11 3 99 85 4.283009e-01 99 86 2.543997e-01 100 86 3.172994e-01 
78 11 3 99 85 4.107695e-01 99 86 5.749543e-01 100 86 1.427627e-02 
79 11 3 98 85 2.883118e-01 99 85 9.856427e-02 99 86 6.131239e-01 
80 11 3 98 85 3.566294e-01 98 86 2.337015e-01 99 86 4.096692e-01 
81 11 3 98 85 3.200436e-01 98 86 5.716043e-01 99 86 1.083522e-01 
82 11 3 97 85 1.921291e-01 98 85 8.500481e-02 98 86 7.228661e-01 
83 11 3 97 85 2.279196e-01 97 86 2.637231e-01 98 86 5.083573e-01 
84 11 3 97 85 1.724234e-01 97 86 6.176329e-01 98 86 2.099438e-01 
85 11 3 96 85 8.723783e-02 97 85 2.343130e-02 97 86 8.893309e-01 
86 11 3 96 85 4.268265e-02 96 86 3.403730e-01 97 86 6.169443e-01 
87 11 3 96 86 6.773798e-01 97 86 2.911155e-01 97 87 3.150463e-02 
88 11 3 96 86 8.881388e-01 96 87 8.194184e-02 97 87 2.991939e-02 
89 11 3 95 86 2.610273e-01 96 86 5.406246e-01 96 87 1.983480e-01 
90 11 3 95 86 5.500937e-01 96 86 1.589775e-01 96 87 2.909288e-01 
91 11 3 95 86 6.104364e-01 95 87 2.267132e-01 96 87 1.628504e-01 
92 11 3 94 86 1.220708e-01 95 86 3.837180e-01 95 87 4.942112e-01 
93 11 3 94 86 3.951807e-01 94 87 9.548187e-03 95 87 5.952711e-01 
94 11 3 94 86 2.786560e-01 94 87 4.063454e-01 95 87 3.149986e-01 
95 11 3 94 86 1.562691e-01 94 87 8.064947e-01 95 87 3.723621e-02 
96 11 3 93 86 2.807236e-02 93 87 2.098207e-01 94 87 7.621069e-01 
97 11 3 93 87 5.102677e-01 94 87 3.838544e-01 94 88 1.058779e-01 
98 11 3 93 87 7.544804e-01 93 88 2.528715e-02 94 88 2.202325e-01 
99 11 3 92 87 4.627275e-02 93 87 5.629306e-01 93 88 3.907967e-01 
100 11 3 92 87 3.096671e-01 93 87 1.486917e-01 93 88 5.416412e-01 
101 11 3 92 87 3.020144e-01 92 88 2.678199e-01 93 88 4.301658e-01 
102 11 3 92 87 1.402397e-01 92 88 6.864195e-01 93 88 1.733408e-01 
103 11 3 91 88 8.002663e-02 92 88 8.930759e-01 92 89 2.689743e-02 
104 11 3 91 88 3.298264e-01 92 88 4.708481e-01 92 89 1.993256e-01 
105 11 3 91 88 5.759497e-01 92 88 4.709053e-02 92 89 3.769598e-01 
106 11 3 91 88 4.402733e-01 91 89 3.780107e-01 92 89 1.817160e-01 
107 11 3 90 88 5.672646e-02 91 88 1.957273e-01 91 89 7.475462e-01 
108 11 3 90 88 5.966282e-02 90 89 2.315054e-01 91 89 7.088318e-01 
109 11 3 90 89 5.215082e-01 91 89 3.404846e-01 91 90 1.380072e-01 
110 11 3 90 89 6.595249e-01 90 90 8.811569e-02 91 90 2.523594e-01 
111 11 3 90 89 4.523497e-01 90 90 5.171223e-01 91 90 3.052807e-02 
112 11 3 89 89 1.868992e-01 90 89 5.365944e-02 90 90 7.594414e-01 
113 11 3 89 89 2.424431e-02 89 90 3.755875e-01 90 90 6.001682e-01 
114 11 3 89 90 6.081676e-01 90 90 1.953373e-01 90 91 1.964951e-01 
115 11 3 89 90 5.784388e-01 89 91 2.333841e-01 90 91 1.881771e-01 
116 11 3 88 90 1.070118e-02 89 90 3.384399e-01 89 91 6.508589e-01 
117 11 3 88 90 1.157141e-01 88 91 8.900261e-02 89 91 7.952833e-01 
118 11 3 88 91 3.937883e-01 89 91 4.844761e-01 89 92 1.217356e-01 
119 11 3 88 91 5.778275e-01 89 91 5.906487e-02 89 92 3.631077e-01 
120 11 3 88 91 3.917055e-01 88 92 3.650465e-01 89 92 2.432480e-01 
121 11 3 88 91 1.428156e-01 88 92 7.876720e-01 89 92 6.951237e-02 
122 11 3 87 92 9.895229e-02 88 92 7.913771e-01 88 93 1.096706e-01 
123 11 3 87 92 2.620773e-01 88 92 3.722811e-01 88 93 3.656416e-01 
124 11 3 87 92 3.750167e-01 87 93 4.476976e-02 88 93 5.802135e-01 
125 11 3 87 92 1.124177e-01 87 93 4.595942e-01 88 93 4.279881e-01 
126 11 3 87 93 7.186852e-01 88 93 1.279931e-01 88 94 1.533217e-01 
127 11 3 87 93 5.779161e-01 87 94 2.818279e-01 88 94 1.402559e-01 
128 11 3 87 93 3.062491e-01 87 94 6.888719e-01 88 94 4.878998e-03 
129 11 3 86 93 3.179741e-02 86 94 9.296513e-02 87 94 8.752375e-01 
130 11 3 86 94 2.486086e-01 87 94 5.060735e-01 87 95 2.453179e-01 
131 11 3 86 94 3.666019e-01 87 94 1.084247e-01 87 95 5.249734e-01 
132 11 3 86 94 1.929526e-01 86 95 2.857413e-01 87 95 5.213060e-01 
133 11 3 86 95 5.848341e-01 87 95 3.237510e-01 87 96 9.141493e-02 
134 11 3 86 95 6.220517e-01 86 96 6.292582e-02 87 96 3.150225e-01 
135 11 3 86 95 3.334746e-01 86 96 4.456019e-01 87 96 2.209234e-01 
136 11 3 86 95 4.298663e-02 86 96 8.241074e-01 87 96 1.329060e-01 
137 11 3 86 96 7.507122e-01 86 97 1.982710e-01 87 97 5.101681e-02 
138 11 3 85 96 2.471542e-02 86 96 4.320662e-01 86 97 5.432184e-01 
139 11 3 85 96 9.425259e-02 86 96 6.707287e-02 86 97 8.386745e-01 
140 11 3 85 97 1.575718e-01 86 97 7.069004e-01 86 98 1.355278e-01 
141 11 3 85 97 2.146320e-01 86 97 3.517225e-01 86 98 4.336455e-01 
142 11 3 85 97 2.654209e-01 86 97 1.682520e-03 86 98 7.328966e-01 
143 11 3 85 98 3.099070e-01 86 98 6.569446e-01 86 99 3.314841e-02 
144 11 3 85 98 3.480787e-01 86 98 3.176525e-01 86 99 3.342688e-01 
145 11 3 85 98 3.638752e-01 85 99 1.603532e-02 86 99 6.200895e-01 
146 11 3 85 98 6.141686e-02 85 99 3.439767e-01 86 99 5.946064e-01 
147 11 3 85 99 4.245176e-01 86 99 3.339722e-01 86 100 2.415102e-01 
148 11 3 85 99 4.372692e-01 86 99 1.795870e-02 86 100 5.447721e-01 
149 11 3 85 99 1.517650e-01 85 100 2.918824e-01 86 100 5.563526e-01 
150 11 3 85 100 4.436474e-01 86 100 4.045876e-01 86 101 1.517650e-01 
151 11 3 85 100 4.372692e-01 86 100 1.075029e-01 86 101 4.552279e-01 
152 11 3 85 100 2.415102e-01 85 101 1.830075e-01 86 101 5.754824e-01 
153 11 3 85 101 4.053936e-01 86 101 5.331895e-01 86 102 6.141686e-02 
154 11 3 85 101 3.799105e-01 86 101 2.562144e-01 86 102 3.638752e-01 
155 11 3 85 101 3.342688e-01 85 102 1.380992e-02 86 102 6.519213e-01 
156 11 3 85 101 3.314841e-02 85 102 2.767586e-01 86 102 6.900930e-01 
157 11 3 85 102 2.654209e-01 86 102 4.674757e-01 86 103 2.671034e-01 
158 11 3 85 102 2.146320e-01 86 102 2.190135e-01 86 103 5.663545e-01 
159 11 3 85 102 1.355278e-01 85 103 2.204394e-02 86 103 8.424282e-01 
160 11 3 85 103 9.425259e-02 86 103 7.444220e-01 86 104 1.613255e-01 
161 11 3 85 103 2.471542e-02 86 103 5.185030e-01 86 104 4.567816e-01 
162 11 3 86 103 2.492878e-01 86 104 6.996953e-01 87 104 5.101681e-02 
163 11 3 86 104 8.670940e-01 87 104 8.991933e-02 87 105 4.298663e-02 
164 11 3 86 104 6.665254e-01 86 105 1.125512e-01 87 105 2.209234e-01 
165 11 3 86 104 3.779483e-01 86 105 3.070292e-01 87 105 3.150225e-01 
166 11 3 86 104 9.141493e-02 86 105 4.934192e-01 87 105 4.151659e-01 
167 11 3 86 105 4.786940e-01 87 105 3.283534e-01 87 106 1.929526e-01 
168 11 3 86 105 3.666019e-01 87 105 1.583714e-01 87 106 4.750266e-01 
169 11 3 86 105 2.453179e-01 86 106 3.290653e-03 87 106 7.513914e-01 
170 11 3 86 106 1.247625e-01 87 106 8.434401e-01 87 107 3.179741e-02 
171 11 3 87 106 6.937509e-01 87 107 3.013701e-01 88 107 4.878998e-03 
172 11 3 87 106 4.220839e-01 87 107 4.376602e-01 88 107 1.402559e-01 
173 11 3 87 106 1.533217e-01 87 107 5.653634e-01 88 107 2.813148e-01 
174 11 3 87 107 5.720119e-01 88 107 3.155704e-01 88 108 1.124177e-01 
175 11 3 87 107 4.197865e-01 88 107 2.051969e-01 88 108 3.750167e-01 
176 11 3 87 107 2.620773e-01 88 107 1.035643e-01 88 108 6.343584e-01 
177 11 3 87 107 9.895229e-02 88 107 1.071835e-02 88 108 8.903294e-01 
178 11 3 88 108 8.571844e-01 88 109 7.330322e-02 89 109 6.951237e-02 
179 11 3 88 108 6.082945e-01 88 109 1.484575e-01 89 109 2.432480e-01 
180 11 3 88 108 3.631077e-01 88 109 2.147198e-01 89 109 4.221725e-01 
181 11 3 88 108 1.217356e-01 88 109 2.720528e-01 89 109 6.062117e-01 
182 11 3 88 109 2.047167e-01 89 109 6.795692e-01 89 110 1.157141e-01 
183 11 3 88 109 1.070118e-02 89 109 6.401577e-01 89 110 3.491411e-01 
184 11 3 89 109 4.215612e-01 89 110 3.902617e-01 90 110 1.881771e-01 
185 11 3 89 109 1.964951e-01 89 110 4.116726e-01 90 110 3.918324e-01 
186 11 3 89 110 3.998318e-01 90 110 5.759239e-01 90 111 2.424431e-02 
187 11 3 89 110 1.868992e-01 90 110 5.725422e-01 90 111 2.405586e-01 
188 11 3 90 110 5.476503e-01 90 111 4.218216e-01 91 111 3.052807e-02 
189 11 3 90 110 3.404751e-01 90 111 4.071655e-01 91 111 2.523594e-01 
190 11 3 90 110 1.380072e-01 90 111 3.835011e-01 91 111 4.784918e-01 
191 11 3 90 111 2.911682e-01 91 111 6.491690e-01 91 112 5.966282e-02 
192 11 3 90 111 5.672646e-02 91 111 6.908197e-01 91 112 2.524538e-01 
193 11 3 91 111 5.597267e-01 91 112 2.585573e-01 92 112 1.817160e-01 
194 11 3 91 111 3.769598e-01 91 112 1.989899e-01 92 112 4.240503e-01 
195 11 3 91 111 1.993256e-01 91 112 1.305008e-01 92 112 6.701736e-01 
196 11 3 91 111 2.689743e-02 91 112 5.312920e-02 92 112 9.199734e-01 
197 11 3 92 112 8.266592e-01 93 112 3.310108e-02 93 113 1.402397e-01 
198 11 3 92 112 5.698342e-01 93 112 1.281514e-01 93 113 3.020144e-01 
199 11 3 92 112 3.096671e-01 93 112 2.319741e-01 93 113 4.583588e-01 
200 11 3 92 112 4.627275e-02 93 112 3.445239e-01 93 113 6.092033e-01 
201 11 3 93 112 2.455196e-01 93 113 5.342479e-01 94 113 2.202325e-01 
202 11 3 93 112 1.058779e-01 93 113 4.043899e-01 94 113 4.897323e-01 
203 11 3 93 113 2.378931e-01 94 113 7.340345e-01 94 114 2.807236e-02 
204 11 3 94 113 8.437309e-01 94 114 1.190329e-01 95 114 3.723621e-02 
205 11 3 94 113 6.850014e-01 95 113 3.634262e-02 95 114 2.786560e-01 
206 11 3 94 113 4.047289e-01 95 113 2.000904e-01 95 114 3.951807e-01 
207 11 3 94 113 1.220708e-01 95 113 3.721404e-01 95 114 5.057888e-01 
208 11 3 95 113 3.895636e-01 95 114 4.475861e-01 96 114 1.628504e-01 
209 11 3 95 113 2.909288e-01 95 114 2.591648e-01 96 114 4.499063e-01 
210 11 3 95 113 1.983480e-01 95 114 6.267929e-02 96 114 7.389727e-01 
211 11 3 96 113 1.118612e-01 96 114 8.582194e-01 97 114 2.991939e-02 
212 11 3 96 113 3.150463e-02 96 114 6.458752e-01 97 114 3.226202e-01 
213 11 3 96 114 3.830557e-01 97 114 5.742617e-01 97 115 4.268265e-02 
214 11 3 96 114 8.723783e-02 97 114 8.020930e-01 97 115 1.106691e-01 
215 11 3 97 114 7.900562e-01 98 114 3.752041e-02 98 115 1.724234e-01 
216 11 3 97 114 4.916427e-01 98 114 2.804377e-01 98 115 2.279196e-01 
217 11 3 97 114 1.921291e-01 98 114 5.307369e-01 98 115 2.771339e-01 
218 11 3 98 114 6.799564e-01 98 115 2.116914e-01 99 115 1.083522e-01 
219 11 3 98 114 5.903308e-01 99 114 5.303979e-02 99 115 3.566294e-01 
220 11 3 98 114 2.883118e-01 99 114 3.248121e-01 99 115 3.868761e-01 
221 11 3 99 114 5.892305e-01 99 115 3.964932e-01 100 115 1.427627e-02 
222 11 3 99 114 5.716991e-01 99 115 1.110014e-01 100 115 3.172994e-01 
223 11 3 99 114 3.793758e-01 100 114 1.811616e-01 100 115 4.394627e-01 
224 11 3 99 114 7.588353e-02 100 114 4.798730e-01 100 115 4.442434e-01 
225 11 3 100 114 5.573492e-01 100 115 2.150086e-01 101 115 2.276422e-01 
226 11 3 100 114 4.689324e-01 101 114 9.638757e-02 101 115 4.346800e-01 
227 11 3 100 114 1.657419e-01 101 114 4.139252e-01 101 115 4.203329e-01 
228 11 3 101 114 6.003809e-01 101 115 2.625384e-01 102 115 1.370807e-01 
229 11 3 101 114 5.605994e-01 102 114 6.685150e-02 102 115 3.725491e-01 
230 11 3 101 114 2.589148e-01 102 114 4.019567e-01 102 115 3.391285e-01 
231 11 3 102 114 7.006216e-01 102 115 2.573770e-01 103 115 4.200137e-02 
232 11 3 102 114 6.579847e-01 103 114 8.870316e-02 103 115 2.533121e-01 
233 11 3 102 114 3.590050e-01 103 114 4.400396e-01 103 115 2.009554e-01 
234 11 3 102 114 6.119084e-02 103 114 7.964838e-01 103 115 1.423254e-01 
235 11 3 103 114 7.646744e-01 104 114 1.578729e-01 104 115 7.745266e-02 
236 11 3 103 114 4.695871e-01 104 114 5.240510e-01 104 115 6.361961e-03 
237 11 3 103 113 7.091427e-02 103 114 1.051447e-01 104 114 8.239410e-01 
238 11 3 104 113 1.543398e-01 104 114 7.298791e-01 105 114 1.157811e-01 
239 11 3 104 113 2.438784e-01 104 114 3.503184e-01 105 114 4.058032e-01 
240 11 3 104 113 3.061190e-01 105 113 3.337479e-02 105 114 6.605062e-01 
241 11 3 104 113 2.011538e-02 105 113 4.210229e-01 105 114 5.588617e-01 
242 11 3 105 113 5.487728e-01 105 114 1.875367e-01 106 114 2.636905e-01 
243 11 3 105 113 4.548292e-01 106 113 2.075138e-01 106 114 3.376570e-01 
244 11 3 105 113 1.757951e-01 106 113 6.060100e-01 106 114 2.181950e-01 
245 11 3 106 113 8.993340e-01 107 113 7.774353e-03 107 114 9.289169e-02 
246 11 3 106 112 3.818512e-02 106 113 5.873828e-01 107 113 3.744321e-01 
247 11 3 106 112 1.749916e-01 106 113 1.796255e-01 107 113 6.453829e-01 
248 11 3 106 112 8.659744e-02 107 112 2.308636e-01 107 113 6.825390e-01 
249 11 3 107 112 4.655247e-01 107 113 3.561087e-01 108 113 1.783667e-01 
250 11 3 107 112 5.598378e-01 108 112 5.929232e-02 108 113 3.808699e-01 
251 11 3 107 112 3.013287e-01 108 112 4.768705e-01 108 113 2.218008e-01 
252 11 3 107 112 4.621840e-02 108 112 8.964467e-01 108 113 5.733490e-02 
253 11 3 108 111 1.124554e-01 108 112 6.821642e-01 109 112 2.053804e-01 
254 11 3 108 111 2.874937e-01 108 112 2.591515e-01 109 112 4.533548e-01 
255 11 3 108 111 3.024035e-01 109 111 1.653013e-01 109 112 5.322952e-01 
256 11 3 108 111 6.200027e-02 109 111 5.910101e-01 109 112 3.469896e-01 
257 11 3 109 111 8.255491e-01 110 111 1.777554e-02 110 112 1.566753e-01 
258 11 3 109 110 3.856659e-02 109 111 5.545769e-01 110 111 4.068565e-01 
259 11 3 109 110 2.386484e-01 109 111 1.262455e-01 110 111 6.351061e-01 
260 11 3 109 110 1.408978e-01 110 110 3.025827e-01 110 111 5.565195e-01 
261 11 3 110 110 6.529741e-01 110 111 2.682848e-01 111 111 7.874107e-02 
262 11 3 110 110 7.060642e-01 111 110 1.609755e-01 111 111 1.329603e-01 
263 11 3 110 109 8.557606e-02 110 110 4.098454e-01 111 110 5.045786e-01 
264 11 3 110 109 2.894125e-01 111 109 1.908207e-02 111 110 6.915054e-01 
265 11 3 110 109 8.813477e-02 111 109 4.475527e-01 111 110 4.643126e-01 
266 11 3 111 109 7.670631e-01 111 110 1.246157e-01 112 110 1.083212e-01 
267 11 3 111 108 2.513885e-03 111 109 6.976089e-01 112 109 2.998772e-01 
268 11 3 111 108 2.419376e-01 111 109 2.716198e-01 112 109 4.864426e-01 
269 11 3 111 108 3.320646e-01 112 108 1.531658e-01 112 109 5.147696e-01 
270 11 3 111 108 1.557264e-01 112 108 5.765572e-01 112 109 2.677164e-01 
271 11 3 112 108 9.829850e-01 112 109 1.632214e-03 113 109 1.538277e-02 
272 11 3 112 107 2.372279e-01 112 108 5.815845e-01 113 108 1.811876e-01 
273 11 3 112 107 4.948993e-01 112 108 1.634851e-01 113 108 3.416157e-01 
274 11 3 112 107 5.034113e-01 113 107 2.524710e-01 113 108 2.441177e-01 
275 11 3 112 106 2.006626e-02 112 107 3.338871e-01 113 107 6.460466e-01 
276 11 3 112 106 2.100801e-01 113 106 7.725143e-02 113 107 7.126684e-01 
277 11 3 112 106 7.185364e-02 113 106 4.857082e-01 113 107 4.424381e-01 
278 11 3 113 106 8.306355e-01 113 107 1.087031e-01 114 107 6.066132e-02 
279 11 3 113 105 1.064339e-01 113 106 7.061520e-01 114 106 1.874142e-01 
280 11 3 113 105 3.848357e-01 113 106 3.068252e-01 114 106 3.083391e-01 
281 11 3 113 105 5.766087e-01 114 105 8.910847e-02 114 106 3.342829e-01 
282 11 3 113 105 4.674892e-01 114 105 4.814625e-01 114 106 5.104828e-02 
283 11 3 113 104 2.344189e-01 113 105 1.299229e-01 114 105 6.356583e-01 
284 11 3 113 104 2.672157e-01 114 104 2.547741e-01 114 105 4.780102e-01 
285 11 3 113 104 1.761513e-01 114 104 6.353860e-01 114 105 1.884627e-01 
286 11 3 113 103 9.119511e-02 114 103 1.174092e-02 114 104 8.970640e-01 
287 11 3 113 103 1.237965e-02 114 103 3.836741e-01 114 104 6.039462e-01 
288 11 3 114 103 6.907637e-01 114 104 2.489765e-01 115 104 6.025982e-02 
289 11 3 114 103 8.733082e-01 115 103 1.136272e-01 115 104 1.306462e-02 
290 11 3 114 102 2.844369e-01 114 103 5.286782e-01 115 103 1.868849e-01 
291 11 3 114 102 5.831380e-01 114 103 1.760488e-01 115 103 2.408133e-01 
292 11 3 114 102 7.115459e-01 115 102 1.713598e-01 115 103 1.170943e-01 
293 11 3 114 101 1.836082e-01 114 102 4.866084e-01 115 102 3.297834e-01 
294 11 3 114 101 4.851131e-01 114 102 1.500998e-01 115 102 3.647871e-01 
295 11 3 114 101 6.065540e-01 115 101 1.807332e-01 115 102 2.127128e-01 
296 11 3 114 100 8.999646e-02 114 101 4.942530e-01 115 101 4.157505e-01 
297 11 3 114 100 3.931076e-01 114 101 1.752031e-01 115 101 4.316893e-01 
298 11 3 114 100 5.587435e-01 115 100 1.377434e-01 115 101 3.035132e-01 
299 11 2 114 100 5.555553e-01 115 100 4.444447e-01 
300 11 3 114 99 3.035132e-01 114 100 2.488540e-01 115 100 4.476328e-01 
301 11 3 114 99 5.491791e-01 115 99 5.784726e-02 115 100 3.929737e-01 
